역명,일자, 이용인원 , 승차인원 , 하차인원 
검단오류(검단산업단지),2023-06-01,5939,2924,3015
왕길,2023-06-01,5337,2680,2657
검단사거리,2023-06-01,17334,9047,8287
마전,2023-06-01,9345,4552,4793
완정,2023-06-01,16736,8660,8076
독정,2023-06-01,8338,4125,4213
검암,2023-06-01,5948,3191,2757
검바위,2023-06-01,7803,3745,4058
아시아드경기장(공촌사거리),2023-06-01,9792,5240,4552
서구청,2023-06-01,17285,8526,8759
가정(루원시티),2023-06-01,23803,12223,11580
가정중앙시장,2023-06-01,11853,5673,6180
석남(거북시장),2023-06-01,6462,3148,3314
서부여성회관,2023-06-01,8360,4243,4117
인천가좌,2023-06-01,8580,4365,4215
가재울,2023-06-01,7512,3802,3710
주안국가산단,2023-06-01,5591,2751,2840
주안,2023-06-01,17033,7369,9664
시민공원(문화창작지대),2023-06-01,19127,9841,9286
석바위시장,2023-06-01,9043,4334,4709
인천시청,2023-06-01,6797,3199,3598
석천사거리,2023-06-01,9549,4926,4623
모래내시장,2023-06-01,16104,7811,8293
만수,2023-06-01,10388,5377,5011
남동구청,2023-06-01,9088,4731,4357
인천대공원,2023-06-01,6286,3152,3134
운연(서창),2023-06-01,2817,1541,1276
검단오류(검단산업단지),2023-06-02,5953,2902,3051
왕길,2023-06-02,5511,2783,2728
검단사거리,2023-06-02,18446,9616,8830
마전,2023-06-02,9231,4552,4679
완정,2023-06-02,16233,8411,7822
독정,2023-06-02,8166,4082,4084
검암,2023-06-02,6130,3299,2831
검바위,2023-06-02,7958,3911,4047
아시아드경기장(공촌사거리),2023-06-02,9840,5303,4537
서구청,2023-06-02,18170,8974,9196
가정(루원시티),2023-06-02,24353,12464,11889
가정중앙시장,2023-06-02,12137,5790,6347
석남(거북시장),2023-06-02,6802,3258,3544
서부여성회관,2023-06-02,8875,4597,4278
인천가좌,2023-06-02,8807,4477,4330
가재울,2023-06-02,7747,3995,3752
주안국가산단,2023-06-02,5652,2763,2889
주안,2023-06-02,17337,7409,9928
시민공원(문화창작지대),2023-06-02,19068,9797,9271
석바위시장,2023-06-02,8963,4297,4666
인천시청,2023-06-02,6896,3324,3572
석천사거리,2023-06-02,9534,4918,4616
모래내시장,2023-06-02,16521,8016,8505
만수,2023-06-02,10660,5557,5103
남동구청,2023-06-02,9580,5051,4529
인천대공원,2023-06-02,6072,3086,2986
운연(서창),2023-06-02,2895,1573,1322
검단오류(검단산업단지),2023-06-03,2248,1200,1048
왕길,2023-06-03,3166,1648,1518
검단사거리,2023-06-03,14123,7319,6804
마전,2023-06-03,5963,2988,2975
완정,2023-06-03,10449,5507,4942
독정,2023-06-03,5642,2784,2858
검암,2023-06-03,4817,2554,2263
검바위,2023-06-03,4004,1975,2029
아시아드경기장(공촌사거리),2023-06-03,7030,3678,3352
서구청,2023-06-03,11500,5760,5740
가정(루원시티),2023-06-03,14939,7755,7184
가정중앙시장,2023-06-03,9241,4574,4667
석남(거북시장),2023-06-03,4856,2303,2553
서부여성회관,2023-06-03,6219,3200,3019
인천가좌,2023-06-03,4873,2516,2357
가재울,2023-06-03,4142,2135,2007
주안국가산단,2023-06-03,1300,625,675
주안,2023-06-03,14342,5846,8496
시민공원(문화창작지대),2023-06-03,13485,6969,6516
석바위시장,2023-06-03,6413,3137,3276
인천시청,2023-06-03,4849,2266,2583
석천사거리,2023-06-03,6483,3446,3037
모래내시장,2023-06-03,13895,6817,7078
만수,2023-06-03,7944,4167,3777
남동구청,2023-06-03,6099,3209,2890
인천대공원,2023-06-03,8688,4315,4373
운연(서창),2023-06-03,2001,1069,932
검단오류(검단산업단지),2023-06-04,1617,829,788
왕길,2023-06-04,2091,1079,1012
검단사거리,2023-06-04,10183,5147,5036
마전,2023-06-04,4041,1962,2079
완정,2023-06-04,7092,3672,3420
독정,2023-06-04,3945,1906,2039
검암,2023-06-04,3685,1970,1715
검바위,2023-06-04,3053,1451,1602
아시아드경기장(공촌사거리),2023-06-04,4941,2630,2311
서구청,2023-06-04,7881,3897,3984
가정(루원시티),2023-06-04,10330,5307,5023
가정중앙시장,2023-06-04,7020,3396,3624
석남(거북시장),2023-06-04,3594,1646,1948
서부여성회관,2023-06-04,5294,2772,2522
인천가좌,2023-06-04,3421,1694,1727
가재울,2023-06-04,3124,1568,1556
주안국가산단,2023-06-04,659,314,345
주안,2023-06-04,10145,4231,5914
시민공원(문화창작지대),2023-06-04,10444,5355,5089
석바위시장,2023-06-04,4868,2379,2489
인천시청,2023-06-04,3911,1868,2043
석천사거리,2023-06-04,4696,2469,2227
모래내시장,2023-06-04,10504,5128,5376
만수,2023-06-04,6234,3209,3025
남동구청,2023-06-04,4652,2443,2209
인천대공원,2023-06-04,8259,4085,4174
운연(서창),2023-06-04,1437,730,707
검단오류(검단산업단지),2023-06-05,4586,2274,2312
왕길,2023-06-05,4628,2359,2269
검단사거리,2023-06-05,16409,8520,7889
마전,2023-06-05,8070,4028,4042
완정,2023-06-05,13950,7269,6681
독정,2023-06-05,6940,3454,3486
검암,2023-06-05,6066,3254,2812
검바위,2023-06-05,6187,3013,3174
아시아드경기장(공촌사거리),2023-06-05,8445,4527,3918
서구청,2023-06-05,16785,8251,8534
가정(루원시티),2023-06-05,21084,10881,10203
가정중앙시장,2023-06-05,11102,5399,5703
석남(거북시장),2023-06-05,6129,2983,3146
서부여성회관,2023-06-05,7624,3972,3652
인천가좌,2023-06-05,7511,3853,3658
가재울,2023-06-05,6759,3446,3313
주안국가산단,2023-06-05,4049,1946,2103
주안,2023-06-05,16366,6934,9432
시민공원(문화창작지대),2023-06-05,18169,9305,8864
석바위시장,2023-06-05,8345,4074,4271
인천시청,2023-06-05,6255,3023,3232
석천사거리,2023-06-05,8320,4348,3972
모래내시장,2023-06-05,15357,7494,7863
만수,2023-06-05,9622,5033,4589
남동구청,2023-06-05,8252,4341,3911
인천대공원,2023-06-05,6579,3285,3294
운연(서창),2023-06-05,2514,1344,1170
검단오류(검단산업단지),2023-06-06,2103,1030,1073
왕길,2023-06-06,2528,1292,1236
검단사거리,2023-06-06,10685,5464,5221
마전,2023-06-06,4603,2262,2341
완정,2023-06-06,7601,3889,3712
독정,2023-06-06,4289,2072,2217
검암,2023-06-06,4049,2185,1864
검바위,2023-06-06,3275,1555,1720
아시아드경기장(공촌사거리),2023-06-06,5488,2917,2571
서구청,2023-06-06,8463,4190,4273
가정(루원시티),2023-06-06,11007,5565,5442
가정중앙시장,2023-06-06,7836,3858,3978
석남(거북시장),2023-06-06,3979,1873,2106
서부여성회관,2023-06-06,4841,2469,2372
인천가좌,2023-06-06,4027,2001,2026
가재울,2023-06-06,3879,1932,1947
주안국가산단,2023-06-06,1319,619,700
주안,2023-06-06,11118,4664,6454
시민공원(문화창작지대),2023-06-06,10897,5655,5242
석바위시장,2023-06-06,5420,2637,2783
인천시청,2023-06-06,3712,1785,1927
석천사거리,2023-06-06,5071,2675,2396
모래내시장,2023-06-06,11991,5792,6199
만수,2023-06-06,6700,3423,3277
남동구청,2023-06-06,4802,2554,2248
인천대공원,2023-06-06,10391,5183,5208
운연(서창),2023-06-06,1665,894,771
검단오류(검단산업단지),2023-06-07,6201,3061,3140
왕길,2023-06-07,5315,2711,2604
검단사거리,2023-06-07,17292,9091,8201
마전,2023-06-07,9059,4452,4607
완정,2023-06-07,15749,8134,7615
독정,2023-06-07,8264,4172,4092
검암,2023-06-07,5932,3183,2749
검바위,2023-06-07,7882,3802,4080
아시아드경기장(공촌사거리),2023-06-07,9844,5193,4651
서구청,2023-06-07,17608,8731,8877
가정(루원시티),2023-06-07,23853,12264,11589
가정중앙시장,2023-06-07,11796,5651,6145
석남(거북시장),2023-06-07,6681,3249,3432
서부여성회관,2023-06-07,8530,4376,4154
인천가좌,2023-06-07,8617,4360,4257
가재울,2023-06-07,7683,3910,3773
주안국가산단,2023-06-07,5625,2718,2907
주안,2023-06-07,16770,7348,9422
시민공원(문화창작지대),2023-06-07,18906,9695,9211
석바위시장,2023-06-07,8934,4279,4655
인천시청,2023-06-07,7066,3433,3633
석천사거리,2023-06-07,9479,4908,4571
모래내시장,2023-06-07,16143,7838,8305
만수,2023-06-07,10419,5386,5033
남동구청,2023-06-07,9150,4750,4400
인천대공원,2023-06-07,5608,2822,2786
운연(서창),2023-06-07,2737,1478,1259
검단오류(검단산업단지),2023-06-08,5911,2900,3011
왕길,2023-06-08,5255,2635,2620
검단사거리,2023-06-08,16472,8610,7862
마전,2023-06-08,8975,4395,4580
완정,2023-06-08,15092,7780,7312
독정,2023-06-08,7959,3971,3988
검암,2023-06-08,5806,3052,2754
검바위,2023-06-08,7751,3721,4030
아시아드경기장(공촌사거리),2023-06-08,9587,5067,4520
서구청,2023-06-08,17877,8886,8991
가정(루원시티),2023-06-08,23569,12056,11513
가정중앙시장,2023-06-08,11507,5571,5936
석남(거북시장),2023-06-08,6316,3060,3256
서부여성회관,2023-06-08,8282,4179,4103
인천가좌,2023-06-08,8653,4413,4240
가재울,2023-06-08,7378,3758,3620
주안국가산단,2023-06-08,5635,2760,2875
주안,2023-06-08,16535,7154,9381
시민공원(문화창작지대),2023-06-08,18771,9674,9097
석바위시장,2023-06-08,8678,4211,4467
인천시청,2023-06-08,6895,3286,3609
석천사거리,2023-06-08,9206,4719,4487
모래내시장,2023-06-08,15823,7592,8231
만수,2023-06-08,10324,5372,4952
남동구청,2023-06-08,8949,4673,4276
인천대공원,2023-06-08,5120,2612,2508
운연(서창),2023-06-08,2706,1476,1230
검단오류(검단산업단지),2023-06-09,5785,2889,2896
왕길,2023-06-09,5456,2798,2658
검단사거리,2023-06-09,17684,9368,8316
마전,2023-06-09,9022,4490,4532
완정,2023-06-09,15549,8089,7460
독정,2023-06-09,8020,4035,3985
검암,2023-06-09,6084,3305,2779
검바위,2023-06-09,7881,3857,4024
아시아드경기장(공촌사거리),2023-06-09,9746,5289,4457
서구청,2023-06-09,18040,8947,9093
가정(루원시티),2023-06-09,24087,12382,11705
가정중앙시장,2023-06-09,12171,5896,6275
석남(거북시장),2023-06-09,6600,3231,3369
서부여성회관,2023-06-09,8673,4468,4205
인천가좌,2023-06-09,8682,4511,4171
가재울,2023-06-09,7586,3894,3692
주안국가산단,2023-06-09,5542,2668,2874
주안,2023-06-09,17324,7511,9813
시민공원(문화창작지대),2023-06-09,18749,9758,8991
석바위시장,2023-06-09,9089,4464,4625
인천시청,2023-06-09,6972,3360,3612
석천사거리,2023-06-09,9482,4990,4492
모래내시장,2023-06-09,16798,8293,8505
만수,2023-06-09,10521,5537,4984
남동구청,2023-06-09,9220,4826,4394
인천대공원,2023-06-09,6615,3369,3246
운연(서창),2023-06-09,2859,1539,1320
검단오류(검단산업단지),2023-06-10,1996,1069,927
왕길,2023-06-10,2892,1454,1438
검단사거리,2023-06-10,13240,6903,6337
마전,2023-06-10,5951,2931,3020
완정,2023-06-10,10096,5293,4803
독정,2023-06-10,4948,2480,2468
검암,2023-06-10,4538,2382,2156
검바위,2023-06-10,4013,1936,2077
아시아드경기장(공촌사거리),2023-06-10,6808,3535,3273
서구청,2023-06-10,11142,5581,5561
가정(루원시티),2023-06-10,14063,7247,6816
가정중앙시장,2023-06-10,9107,4496,4611
석남(거북시장),2023-06-10,4597,2150,2447
서부여성회관,2023-06-10,5973,3060,2913
인천가좌,2023-06-10,5056,2583,2473
가재울,2023-06-10,4546,2322,2224
주안국가산단,2023-06-10,1368,671,697
주안,2023-06-10,13464,5414,8050
시민공원(문화창작지대),2023-06-10,12999,6734,6265
석바위시장,2023-06-10,6327,3092,3235
인천시청,2023-06-10,4743,2256,2487
석천사거리,2023-06-10,6357,3355,3002
모래내시장,2023-06-10,13299,6524,6775
만수,2023-06-10,7799,3972,3827
남동구청,2023-06-10,5846,3051,2795
인천대공원,2023-06-10,7177,3554,3623
운연(서창),2023-06-10,1830,970,860
검단오류(검단산업단지),2023-06-11,1409,665,744
왕길,2023-06-11,2002,1000,1002
검단사거리,2023-06-11,9903,4923,4980
마전,2023-06-11,4033,1944,2089
완정,2023-06-11,6794,3462,3332
독정,2023-06-11,3233,1551,1682
검암,2023-06-11,3375,1756,1619
검바위,2023-06-11,2922,1377,1545
아시아드경기장(공촌사거리),2023-06-11,4972,2637,2335
서구청,2023-06-11,7596,3834,3762
가정(루원시티),2023-06-11,9896,5014,4882
가정중앙시장,2023-06-11,6802,3326,3476
석남(거북시장),2023-06-11,3403,1583,1820
서부여성회관,2023-06-11,4917,2498,2419
인천가좌,2023-06-11,3111,1570,1541
가재울,2023-06-11,2998,1532,1466
주안국가산단,2023-06-11,738,373,365
주안,2023-06-11,9543,3905,5638
시민공원(문화창작지대),2023-06-11,9978,5151,4827
석바위시장,2023-06-11,4721,2284,2437
인천시청,2023-06-11,3624,1752,1872
석천사거리,2023-06-11,4465,2393,2072
모래내시장,2023-06-11,10278,4999,5279
만수,2023-06-11,5939,3066,2873
남동구청,2023-06-11,4193,2197,1996
인천대공원,2023-06-11,7088,3544,3544
운연(서창),2023-06-11,1385,744,641
검단오류(검단산업단지),2023-06-12,5934,2909,3025
왕길,2023-06-12,5240,2677,2563
검단사거리,2023-06-12,17210,8993,8217
마전,2023-06-12,8984,4351,4633
완정,2023-06-12,15276,7996,7280
독정,2023-06-12,7952,3937,4015
검암,2023-06-12,5917,3179,2738
검바위,2023-06-12,7603,3681,3922
아시아드경기장(공촌사거리),2023-06-12,9647,5158,4489
서구청,2023-06-12,17327,8591,8736
가정(루원시티),2023-06-12,23210,11905,11305
가정중앙시장,2023-06-12,11321,5447,5874
석남(거북시장),2023-06-12,6256,3061,3195
서부여성회관,2023-06-12,8071,4182,3889
인천가좌,2023-06-12,8661,4379,4282
가재울,2023-06-12,7578,3838,3740
주안국가산단,2023-06-12,5639,2781,2858
주안,2023-06-12,16575,7230,9345
시민공원(문화창작지대),2023-06-12,18491,9484,9007
석바위시장,2023-06-12,8927,4332,4595
인천시청,2023-06-12,6546,3145,3401
석천사거리,2023-06-12,9392,4851,4541
모래내시장,2023-06-12,15854,7725,8129
만수,2023-06-12,10187,5273,4914
남동구청,2023-06-12,8992,4662,4330
인천대공원,2023-06-12,6164,3122,3042
운연(서창),2023-06-12,2690,1446,1244
검단오류(검단산업단지),2023-06-13,6035,2972,3063
왕길,2023-06-13,5386,2684,2702
검단사거리,2023-06-13,17404,9192,8212
마전,2023-06-13,9238,4490,4748
완정,2023-06-13,15799,8196,7603
독정,2023-06-13,8087,4051,4036
검암,2023-06-13,5987,3221,2766
검바위,2023-06-13,7686,3688,3998
아시아드경기장(공촌사거리),2023-06-13,9761,5276,4485
서구청,2023-06-13,17905,8790,9115
가정(루원시티),2023-06-13,23936,12267,11669
가정중앙시장,2023-06-13,11697,5565,6132
석남(거북시장),2023-06-13,6446,3163,3283
서부여성회관,2023-06-13,8315,4248,4067
인천가좌,2023-06-13,8747,4427,4320
가재울,2023-06-13,7608,3922,3686
주안국가산단,2023-06-13,5670,2792,2878
주안,2023-06-13,16710,7238,9472
시민공원(문화창작지대),2023-06-13,19155,9958,9197
석바위시장,2023-06-13,9010,4334,4676
인천시청,2023-06-13,6796,3190,3606
석천사거리,2023-06-13,9803,5084,4719
모래내시장,2023-06-13,16291,7913,8378
만수,2023-06-13,10548,5512,5036
남동구청,2023-06-13,9265,4755,4510
인천대공원,2023-06-13,7014,3486,3528
운연(서창),2023-06-13,2838,1555,1283
검단오류(검단산업단지),2023-06-14,6094,3048,3046
왕길,2023-06-14,5442,2731,2711
검단사거리,2023-06-14,17103,8986,8117
마전,2023-06-14,9047,4444,4603
완정,2023-06-14,15588,8036,7552
독정,2023-06-14,8144,4061,4083
검암,2023-06-14,6024,3203,2821
검바위,2023-06-14,7674,3771,3903
아시아드경기장(공촌사거리),2023-06-14,9977,5314,4663
서구청,2023-06-14,17628,8686,8942
가정(루원시티),2023-06-14,23998,12224,11774
가정중앙시장,2023-06-14,11790,5692,6098
석남(거북시장),2023-06-14,6661,3214,3447
서부여성회관,2023-06-14,8478,4358,4120
인천가좌,2023-06-14,8667,4402,4265
가재울,2023-06-14,7629,3897,3732
주안국가산단,2023-06-14,5760,2797,2963
주안,2023-06-14,16697,7181,9516
시민공원(문화창작지대),2023-06-14,19357,9933,9424
석바위시장,2023-06-14,9089,4398,4691
인천시청,2023-06-14,6992,3288,3704
석천사거리,2023-06-14,9687,4987,4700
모래내시장,2023-06-14,16160,7880,8280
만수,2023-06-14,10642,5512,5130
남동구청,2023-06-14,9128,4738,4390
인천대공원,2023-06-14,6095,3065,3030
운연(서창),2023-06-14,2783,1490,1293
검단오류(검단산업단지),2023-06-15,5977,2953,3024
왕길,2023-06-15,5355,2701,2654
검단사거리,2023-06-15,16808,8787,8021
마전,2023-06-15,9084,4452,4632
완정,2023-06-15,15794,8071,7723
독정,2023-06-15,8186,4128,4058
검암,2023-06-15,6068,3259,2809
검바위,2023-06-15,7919,3838,4081
아시아드경기장(공촌사거리),2023-06-15,9657,5141,4516
서구청,2023-06-15,17567,8631,8936
가정(루원시티),2023-06-15,23974,12362,11612
가정중앙시장,2023-06-15,11619,5580,6039
석남(거북시장),2023-06-15,6347,3040,3307
서부여성회관,2023-06-15,8439,4301,4138
인천가좌,2023-06-15,8644,4405,4239
가재울,2023-06-15,7363,3739,3624
주안국가산단,2023-06-15,5658,2748,2910
주안,2023-06-15,16323,7088,9235
시민공원(문화창작지대),2023-06-15,18834,9673,9161
석바위시장,2023-06-15,8877,4306,4571
인천시청,2023-06-15,6804,3251,3553
석천사거리,2023-06-15,9436,4864,4572
모래내시장,2023-06-15,16287,7871,8416
만수,2023-06-15,10417,5447,4970
남동구청,2023-06-15,9135,4782,4353
인천대공원,2023-06-15,6132,3080,3052
운연(서창),2023-06-15,2894,1583,1311
검단오류(검단산업단지),2023-06-16,6021,2961,3060
왕길,2023-06-16,5576,2826,2750
검단사거리,2023-06-16,18245,9575,8670
마전,2023-06-16,9125,4487,4638
완정,2023-06-16,15961,8297,7664
독정,2023-06-16,8430,4250,4180
검암,2023-06-16,6201,3335,2866
검바위,2023-06-16,7755,3735,4020
아시아드경기장(공촌사거리),2023-06-16,9670,5216,4454
서구청,2023-06-16,18212,8910,9302
가정(루원시티),2023-06-16,24311,12527,11784
가정중앙시장,2023-06-16,11952,5720,6232
석남(거북시장),2023-06-16,6521,3107,3414
서부여성회관,2023-06-16,8711,4493,4218
인천가좌,2023-06-16,8495,4313,4182
가재울,2023-06-16,7621,3917,3704
주안국가산단,2023-06-16,5710,2796,2914
주안,2023-06-16,16760,7184,9576
시민공원(문화창작지대),2023-06-16,19051,9749,9302
석바위시장,2023-06-16,9294,4445,4849
인천시청,2023-06-16,6959,3307,3652
석천사거리,2023-06-16,9550,4949,4601
모래내시장,2023-06-16,16594,8085,8509
만수,2023-06-16,10678,5562,5116
남동구청,2023-06-16,9317,4874,4443
인천대공원,2023-06-16,5946,3024,2922
운연(서창),2023-06-16,2764,1469,1295
검단오류(검단산업단지),2023-06-17,2211,1186,1025
왕길,2023-06-17,3041,1567,1474
검단사거리,2023-06-17,13934,7201,6733
마전,2023-06-17,6048,3054,2994
완정,2023-06-17,10209,5381,4828
독정,2023-06-17,5226,2577,2649
검암,2023-06-17,4792,2529,2263
검바위,2023-06-17,3961,1936,2025
아시아드경기장(공촌사거리),2023-06-17,7169,3655,3514
서구청,2023-06-17,11609,5801,5808
가정(루원시티),2023-06-17,14979,7781,7198
가정중앙시장,2023-06-17,9673,4755,4918
석남(거북시장),2023-06-17,4739,2287,2452
서부여성회관,2023-06-17,6457,3329,3128
인천가좌,2023-06-17,4892,2532,2360
가재울,2023-06-17,4448,2261,2187
주안국가산단,2023-06-17,1445,732,713
주안,2023-06-17,13858,5672,8186
시민공원(문화창작지대),2023-06-17,13449,6922,6527
석바위시장,2023-06-17,6450,3151,3299
인천시청,2023-06-17,5028,2403,2625
석천사거리,2023-06-17,6543,3504,3039
모래내시장,2023-06-17,13298,6524,6774
만수,2023-06-17,7945,4065,3880
남동구청,2023-06-17,5945,3089,2856
인천대공원,2023-06-17,7733,3818,3915
운연(서창),2023-06-17,1857,983,874
검단오류(검단산업단지),2023-06-18,1479,690,789
왕길,2023-06-18,2011,1002,1009
검단사거리,2023-06-18,10241,5148,5093
마전,2023-06-18,4304,2081,2223
완정,2023-06-18,7214,3701,3513
독정,2023-06-18,3753,1795,1958
검암,2023-06-18,3666,1949,1717
검바위,2023-06-18,3157,1501,1656
아시아드경기장(공촌사거리),2023-06-18,5161,2725,2436
서구청,2023-06-18,7914,3973,3941
가정(루원시티),2023-06-18,10244,5177,5067
가정중앙시장,2023-06-18,7005,3404,3601
석남(거북시장),2023-06-18,3515,1643,1872
서부여성회관,2023-06-18,5055,2612,2443
인천가좌,2023-06-18,3298,1611,1687
가재울,2023-06-18,3354,1659,1695
주안국가산단,2023-06-18,667,326,341
주안,2023-06-18,9863,4025,5838
시민공원(문화창작지대),2023-06-18,10279,5303,4976
석바위시장,2023-06-18,4764,2352,2412
인천시청,2023-06-18,3821,1853,1968
석천사거리,2023-06-18,4803,2554,2249
모래내시장,2023-06-18,10083,4908,5175
만수,2023-06-18,6034,3131,2903
남동구청,2023-06-18,4325,2204,2121
인천대공원,2023-06-18,6696,3310,3386
운연(서창),2023-06-18,1427,741,686
검단오류(검단산업단지),2023-06-19,5905,2915,2990
왕길,2023-06-19,5230,2661,2569
검단사거리,2023-06-19,16529,8636,7893
마전,2023-06-19,8897,4332,4565
완정,2023-06-19,14811,7701,7110
독정,2023-06-19,7758,3878,3880
검암,2023-06-19,5757,3091,2666
검바위,2023-06-19,7429,3529,3900
아시아드경기장(공촌사거리),2023-06-19,9507,5058,4449
서구청,2023-06-19,16943,8438,8505
가정(루원시티),2023-06-19,22775,11687,11088
가정중앙시장,2023-06-19,10829,5201,5628
석남(거북시장),2023-06-19,6142,2987,3155
서부여성회관,2023-06-19,7876,4038,3838
인천가좌,2023-06-19,8549,4298,4251
가재울,2023-06-19,7357,3759,3598
주안국가산단,2023-06-19,5507,2665,2842
주안,2023-06-19,15434,6677,8757
시민공원(문화창작지대),2023-06-19,18372,9432,8940
석바위시장,2023-06-19,8588,4136,4452
인천시청,2023-06-19,6349,3047,3302
석천사거리,2023-06-19,9225,4777,4448
모래내시장,2023-06-19,15134,7325,7809
만수,2023-06-19,9899,5150,4749
남동구청,2023-06-19,8715,4550,4165
인천대공원,2023-06-19,5279,2681,2598
운연(서창),2023-06-19,2573,1382,1191
검단오류(검단산업단지),2023-06-20,5979,2943,3036
왕길,2023-06-20,5120,2560,2560
검단사거리,2023-06-20,16514,8687,7827
마전,2023-06-20,8874,4301,4573
완정,2023-06-20,15151,7803,7348
독정,2023-06-20,7918,3902,4016
검암,2023-06-20,5863,3128,2735
검바위,2023-06-20,7540,3610,3930
아시아드경기장(공촌사거리),2023-06-20,9652,5158,4494
서구청,2023-06-20,17032,8401,8631
가정(루원시티),2023-06-20,23201,11870,11331
가정중앙시장,2023-06-20,11245,5441,5804
석남(거북시장),2023-06-20,6328,3062,3266
서부여성회관,2023-06-20,8025,4081,3944
인천가좌,2023-06-20,8486,4301,4185
가재울,2023-06-20,7299,3734,3565
주안국가산단,2023-06-20,5597,2761,2836
주안,2023-06-20,15741,6758,8983
시민공원(문화창작지대),2023-06-20,18522,9542,8980
석바위시장,2023-06-20,8728,4209,4519
인천시청,2023-06-20,6469,3081,3388
석천사거리,2023-06-20,9429,4886,4543
모래내시장,2023-06-20,15368,7493,7875
만수,2023-06-20,10432,5398,5034
남동구청,2023-06-20,8988,4616,4372
인천대공원,2023-06-20,5150,2617,2533
운연(서창),2023-06-20,2649,1425,1224
검단오류(검단산업단지),2023-06-21,5851,2909,2942
왕길,2023-06-21,5076,2563,2513
검단사거리,2023-06-21,16372,8539,7833
마전,2023-06-21,8893,4368,4525
완정,2023-06-21,14770,7618,7152
독정,2023-06-21,7711,3852,3859
검암,2023-06-21,5718,3087,2631
검바위,2023-06-21,7588,3739,3849
아시아드경기장(공촌사거리),2023-06-21,9689,5123,4566
서구청,2023-06-21,16855,8240,8615
가정(루원시티),2023-06-21,22850,11633,11217
가정중앙시장,2023-06-21,11006,5283,5723
석남(거북시장),2023-06-21,6304,3060,3244
서부여성회관,2023-06-21,8042,4114,3928
인천가좌,2023-06-21,8425,4258,4167
가재울,2023-06-21,7194,3695,3499
주안국가산단,2023-06-21,5554,2705,2849
주안,2023-06-21,15513,6692,8821
시민공원(문화창작지대),2023-06-21,18207,9412,8795
석바위시장,2023-06-21,8778,4227,4551
인천시청,2023-06-21,6830,3287,3543
석천사거리,2023-06-21,9150,4751,4399
모래내시장,2023-06-21,14881,7233,7648
만수,2023-06-21,10196,5209,4987
남동구청,2023-06-21,8999,4651,4348
인천대공원,2023-06-21,4011,2016,1995
운연(서창),2023-06-21,2542,1319,1223
검단오류(검단산업단지),2023-06-22,5890,2899,2991
왕길,2023-06-22,5323,2651,2672
검단사거리,2023-06-22,16753,8748,8005
마전,2023-06-22,8987,4443,4544
완정,2023-06-22,15066,7848,7218
독정,2023-06-22,8092,4042,4050
검암,2023-06-22,5898,3178,2720
검바위,2023-06-22,7733,3733,4000
아시아드경기장(공촌사거리),2023-06-22,9656,5149,4507
서구청,2023-06-22,17588,8678,8910
가정(루원시티),2023-06-22,23583,12126,11457
가정중앙시장,2023-06-22,11634,5591,6043
석남(거북시장),2023-06-22,6334,3042,3292
서부여성회관,2023-06-22,8169,4213,3956
인천가좌,2023-06-22,8568,4330,4238
가재울,2023-06-22,7317,3692,3625
주안국가산단,2023-06-22,5687,2810,2877
주안,2023-06-22,16385,6997,9388
시민공원(문화창작지대),2023-06-22,18595,9569,9026
석바위시장,2023-06-22,8981,4316,4665
인천시청,2023-06-22,7209,3473,3736
석천사거리,2023-06-22,9495,4937,4558
모래내시장,2023-06-22,16356,7945,8411
만수,2023-06-22,10559,5526,5033
남동구청,2023-06-22,9185,4791,4394
인천대공원,2023-06-22,6105,3072,3033
운연(서창),2023-06-22,2777,1489,1288
검단오류(검단산업단지),2023-06-23,5829,2883,2946
왕길,2023-06-23,5428,2776,2652
검단사거리,2023-06-23,17969,9367,8602
마전,2023-06-23,9081,4510,4571
완정,2023-06-23,15829,8235,7594
독정,2023-06-23,8182,4064,4118
검암,2023-06-23,6226,3306,2920
검바위,2023-06-23,7654,3757,3897
아시아드경기장(공촌사거리),2023-06-23,9774,5221,4553
서구청,2023-06-23,18333,9071,9262
가정(루원시티),2023-06-23,24450,12539,11911
가정중앙시장,2023-06-23,12148,5821,6327
석남(거북시장),2023-06-23,6641,3246,3395
서부여성회관,2023-06-23,8699,4441,4258
인천가좌,2023-06-23,8750,4464,4286
가재울,2023-06-23,7445,3810,3635
주안국가산단,2023-06-23,5219,2536,2683
주안,2023-06-23,16909,7151,9758
시민공원(문화창작지대),2023-06-23,18723,9699,9024
석바위시장,2023-06-23,9089,4380,4709
인천시청,2023-06-23,6964,3331,3633
석천사거리,2023-06-23,9733,5050,4683
모래내시장,2023-06-23,17138,8442,8696
만수,2023-06-23,10935,5695,5240
남동구청,2023-06-23,9282,4856,4426
인천대공원,2023-06-23,5671,2865,2806
운연(서창),2023-06-23,2754,1469,1285
검단오류(검단산업단지),2023-06-24,2235,1177,1058
왕길,2023-06-24,3112,1582,1530
검단사거리,2023-06-24,13617,7121,6496
마전,2023-06-24,6047,2985,3062
완정,2023-06-24,10262,5367,4895
독정,2023-06-24,5372,2702,2670
검암,2023-06-24,4730,2495,2235
검바위,2023-06-24,4001,1949,2052
아시아드경기장(공촌사거리),2023-06-24,6867,3649,3218
서구청,2023-06-24,11294,5680,5614
가정(루원시티),2023-06-24,15139,7823,7316
가정중앙시장,2023-06-24,9141,4466,4675
석남(거북시장),2023-06-24,4902,2310,2592
서부여성회관,2023-06-24,6139,3154,2985
인천가좌,2023-06-24,4953,2571,2382
가재울,2023-06-24,4140,2087,2053
주안국가산단,2023-06-24,1490,735,755
주안,2023-06-24,13093,5322,7771
시민공원(문화창작지대),2023-06-24,13125,6774,6351
석바위시장,2023-06-24,6503,3149,3354
인천시청,2023-06-24,4877,2289,2588
석천사거리,2023-06-24,6305,3405,2900
모래내시장,2023-06-24,13707,6692,7015
만수,2023-06-24,7925,4069,3856
남동구청,2023-06-24,5873,3043,2830
인천대공원,2023-06-24,6425,3185,3240
운연(서창),2023-06-24,1871,976,895
검단오류(검단산업단지),2023-06-25,1477,725,752
왕길,2023-06-25,1983,975,1008
검단사거리,2023-06-25,10041,5007,5034
마전,2023-06-25,4200,2019,2181
완정,2023-06-25,7537,3789,3748
독정,2023-06-25,3415,1653,1762
검암,2023-06-25,3313,1728,1585
검바위,2023-06-25,3109,1443,1666
아시아드경기장(공촌사거리),2023-06-25,5021,2663,2358
서구청,2023-06-25,7790,3854,3936
가정(루원시티),2023-06-25,10321,5268,5053
가정중앙시장,2023-06-25,6941,3365,3576
석남(거북시장),2023-06-25,3540,1657,1883
서부여성회관,2023-06-25,5096,2620,2476
인천가좌,2023-06-25,3388,1670,1718
가재울,2023-06-25,2915,1445,1470
주안국가산단,2023-06-25,650,314,336
주안,2023-06-25,9787,4008,5779
시민공원(문화창작지대),2023-06-25,10165,5182,4983
석바위시장,2023-06-25,4849,2378,2471
인천시청,2023-06-25,3486,1698,1788
석천사거리,2023-06-25,4611,2431,2180
모래내시장,2023-06-25,9705,4719,4986
만수,2023-06-25,6074,3163,2911
남동구청,2023-06-25,4328,2275,2053
인천대공원,2023-06-25,5655,2825,2830
운연(서창),2023-06-25,1295,670,625
검단오류(검단산업단지),2023-06-26,5607,2728,2879
왕길,2023-06-26,4944,2507,2437
검단사거리,2023-06-26,15479,8037,7442
마전,2023-06-26,8338,4135,4203
완정,2023-06-26,14071,7303,6768
독정,2023-06-26,7321,3611,3710
검암,2023-06-26,5322,2842,2480
검바위,2023-06-26,7049,3383,3666
아시아드경기장(공촌사거리),2023-06-26,8826,4707,4119
서구청,2023-06-26,15661,7786,7875
가정(루원시티),2023-06-26,21191,10844,10347
가정중앙시장,2023-06-26,10059,4879,5180
석남(거북시장),2023-06-26,5760,2784,2976
서부여성회관,2023-06-26,7363,3778,3585
인천가좌,2023-06-26,8108,4098,4010
가재울,2023-06-26,6809,3455,3354
주안국가산단,2023-06-26,5465,2655,2810
주안,2023-06-26,14355,6220,8135
시민공원(문화창작지대),2023-06-26,17197,8811,8386
석바위시장,2023-06-26,8070,3831,4239
인천시청,2023-06-26,6072,2893,3179
석천사거리,2023-06-26,8679,4460,4219
모래내시장,2023-06-26,13921,6744,7177
만수,2023-06-26,9471,4899,4572
남동구청,2023-06-26,8253,4322,3931
인천대공원,2023-06-26,3299,1661,1638
운연(서창),2023-06-26,2354,1254,1100
검단오류(검단산업단지),2023-06-27,5950,2958,2992
왕길,2023-06-27,5133,2564,2569
검단사거리,2023-06-27,17154,8916,8238
마전,2023-06-27,8780,4299,4481
완정,2023-06-27,15073,7803,7270
독정,2023-06-27,8233,4107,4126
검암,2023-06-27,5933,3223,2710
검바위,2023-06-27,7530,3618,3912
아시아드경기장(공촌사거리),2023-06-27,9684,5131,4553
서구청,2023-06-27,17511,8588,8923
가정(루원시티),2023-06-27,23278,11956,11322
가정중앙시장,2023-06-27,11266,5430,5836
석남(거북시장),2023-06-27,6306,3061,3245
서부여성회관,2023-06-27,8057,4127,3930
인천가좌,2023-06-27,8614,4325,4289
가재울,2023-06-27,7458,3839,3619
주안국가산단,2023-06-27,5707,2806,2901
주안,2023-06-27,15843,6775,9068
시민공원(문화창작지대),2023-06-27,18909,9725,9184
석바위시장,2023-06-27,8677,4153,4524
인천시청,2023-06-27,6908,3311,3597
석천사거리,2023-06-27,9520,4951,4569
모래내시장,2023-06-27,15950,7772,8178
만수,2023-06-27,10394,5381,5013
남동구청,2023-06-27,9542,4949,4593
인천대공원,2023-06-27,5660,2872,2788
운연(서창),2023-06-27,2739,1469,1270
검단오류(검단산업단지),2023-06-28,6037,2989,3048
왕길,2023-06-28,5205,2626,2579
검단사거리,2023-06-28,16900,8925,7975
마전,2023-06-28,8946,4352,4594
완정,2023-06-28,15427,8045,7382
독정,2023-06-28,8114,4062,4052
검암,2023-06-28,5968,3137,2831
검바위,2023-06-28,7585,3687,3898
아시아드경기장(공촌사거리),2023-06-28,9784,5234,4550
서구청,2023-06-28,18472,9147,9325
가정(루원시티),2023-06-28,23625,12088,11537
가정중앙시장,2023-06-28,11349,5485,5864
석남(거북시장),2023-06-28,6446,3090,3356
서부여성회관,2023-06-28,8301,4242,4059
인천가좌,2023-06-28,8620,4386,4234
가재울,2023-06-28,7396,3754,3642
주안국가산단,2023-06-28,5688,2793,2895
주안,2023-06-28,16048,6836,9212
시민공원(문화창작지대),2023-06-28,18848,9704,9144
석바위시장,2023-06-28,9324,4488,4836
인천시청,2023-06-28,7154,3478,3676
석천사거리,2023-06-28,9595,4987,4608
모래내시장,2023-06-28,16195,7865,8330
만수,2023-06-28,10984,5675,5309
남동구청,2023-06-28,9416,4911,4505
인천대공원,2023-06-28,5350,2711,2639
운연(서창),2023-06-28,2757,1472,1285
검단오류(검단산업단지),2023-06-29,5539,2680,2859
왕길,2023-06-29,4703,2355,2348
검단사거리,2023-06-29,14789,7735,7054
마전,2023-06-29,8120,3969,4151
완정,2023-06-29,13695,7179,6516
독정,2023-06-29,7090,3575,3515
검암,2023-06-29,5328,2928,2400
검바위,2023-06-29,6850,3273,3577
아시아드경기장(공촌사거리),2023-06-29,8727,4672,4055
서구청,2023-06-29,15079,7457,7622
가정(루원시티),2023-06-29,20970,10752,10218
가정중앙시장,2023-06-29,9355,4441,4914
석남(거북시장),2023-06-29,5477,2699,2778
서부여성회관,2023-06-29,7211,3668,3543
인천가좌,2023-06-29,7704,3905,3799
가재울,2023-06-29,6707,3446,3261
주안국가산단,2023-06-29,5448,2630,2818
주안,2023-06-29,13975,6012,7963
시민공원(문화창작지대),2023-06-29,16303,8378,7925
석바위시장,2023-06-29,7391,3578,3813
인천시청,2023-06-29,6025,2905,3120
석천사거리,2023-06-29,8366,4284,4082
모래내시장,2023-06-29,12349,6030,6319
만수,2023-06-29,8920,4667,4253
남동구청,2023-06-29,7857,4070,3787
인천대공원,2023-06-29,2682,1355,1327
운연(서창),2023-06-29,2158,1157,1001
검단오류(검단산업단지),2023-06-30,5783,2857,2926
왕길,2023-06-30,5317,2682,2635
검단사거리,2023-06-30,17841,9335,8506
마전,2023-06-30,8962,4467,4495
완정,2023-06-30,15776,8288,7488
독정,2023-06-30,8355,4185,4170
검암,2023-06-30,6091,3291,2800
검바위,2023-06-30,7511,3607,3904
아시아드경기장(공촌사거리),2023-06-30,9614,5197,4417
서구청,2023-06-30,17760,8797,8963
가정(루원시티),2023-06-30,23642,12179,11463
가정중앙시장,2023-06-30,11800,5644,6156
석남(거북시장),2023-06-30,6472,3130,3342
서부여성회관,2023-06-30,8500,4333,4167
인천가좌,2023-06-30,8542,4328,4214
가재울,2023-06-30,7346,3776,3570
주안국가산단,2023-06-30,5554,2672,2882
주안,2023-06-30,16433,6874,9559
시민공원(문화창작지대),2023-06-30,18706,9708,8998
석바위시장,2023-06-30,9227,4421,4806
인천시청,2023-06-30,6700,3208,3492
석천사거리,2023-06-30,9385,4886,4499
모래내시장,2023-06-30,16263,7930,8333
만수,2023-06-30,10739,5532,5207
남동구청,2023-06-30,9159,4733,4426
인천대공원,2023-06-30,4964,2509,2455
운연(서창),2023-06-30,2678,1437,1241
검단오류(검단산업단지),2023-07-01,2166,1146,1020
왕길,2023-07-01,3032,1556,1476
검단사거리,2023-07-01,13381,6860,6521
마전,2023-07-01,5730,2871,2859
완정,2023-07-01,9745,5112,4633
독정,2023-07-01,5056,2487,2569
검암,2023-07-01,4689,2540,2149
검바위,2023-07-01,3660,1754,1906
아시아드경기장(공촌사거리),2023-07-01,6590,3427,3163
서구청,2023-07-01,10627,5280,5347
가정(루원시티),2023-07-01,14129,7318,6811
가정중앙시장,2023-07-01,9251,4537,4714
석남(거북시장),2023-07-01,4551,2233,2318
서부여성회관,2023-07-01,5878,3004,2874
인천가좌,2023-07-01,4534,2285,2249
가재울,2023-07-01,3883,1979,1904
주안국가산단,2023-07-01,1501,736,765
주안,2023-07-01,12622,5059,7563
시민공원(문화창작지대),2023-07-01,12901,6645,6256
석바위시장,2023-07-01,6284,3060,3224
인천시청,2023-07-01,4379,2073,2306
석천사거리,2023-07-01,6036,3199,2837
모래내시장,2023-07-01,12655,6153,6502
만수,2023-07-01,7422,3865,3557
남동구청,2023-07-01,5571,2866,2705
인천대공원,2023-07-01,6174,3087,3087
운연(서창),2023-07-01,1659,865,794
검단오류(검단산업단지),2023-07-02,1484,742,742
왕길,2023-07-02,1942,960,982
검단사거리,2023-07-02,9936,4931,5005
마전,2023-07-02,4232,2066,2166
완정,2023-07-02,6764,3385,3379
독정,2023-07-02,3936,1913,2023
검암,2023-07-02,3331,1764,1567
검바위,2023-07-02,2984,1388,1596
아시아드경기장(공촌사거리),2023-07-02,4923,2598,2325
서구청,2023-07-02,7543,3791,3752
가정(루원시티),2023-07-02,9931,5061,4870
가정중앙시장,2023-07-02,6700,3290,3410
석남(거북시장),2023-07-02,3339,1581,1758
서부여성회관,2023-07-02,5010,2562,2448
인천가좌,2023-07-02,3174,1614,1560
가재울,2023-07-02,2906,1458,1448
주안국가산단,2023-07-02,708,333,375
주안,2023-07-02,9063,3741,5322
시민공원(문화창작지대),2023-07-02,10257,5221,5036
석바위시장,2023-07-02,4748,2329,2419
인천시청,2023-07-02,3324,1574,1750
석천사거리,2023-07-02,4391,2331,2060
모래내시장,2023-07-02,9367,4590,4777
만수,2023-07-02,5780,2942,2838
남동구청,2023-07-02,4178,2202,1976
인천대공원,2023-07-02,5600,2780,2820
운연(서창),2023-07-02,1297,668,629
검단오류(검단산업단지),2023-07-03,5792,2806,2986
왕길,2023-07-03,5170,2611,2559
검단사거리,2023-07-03,16584,8628,7956
마전,2023-07-03,8831,4346,4485
완정,2023-07-03,14934,7742,7192
독정,2023-07-03,8133,4031,4102
검암,2023-07-03,5869,3110,2759
검바위,2023-07-03,7297,3501,3796
아시아드경기장(공촌사거리),2023-07-03,9495,5085,4410
서구청,2023-07-03,16834,8351,8483
가정(루원시티),2023-07-03,22665,11550,11115
가정중앙시장,2023-07-03,10800,5176,5624
석남(거북시장),2023-07-03,6078,2963,3115
서부여성회관,2023-07-03,7955,4084,3871
인천가좌,2023-07-03,8239,4208,4031
가재울,2023-07-03,7261,3677,3584
주안국가산단,2023-07-03,5506,2682,2824
주안,2023-07-03,15259,6532,8727
시민공원(문화창작지대),2023-07-03,18428,9517,8911
석바위시장,2023-07-03,8840,4317,4523
인천시청,2023-07-03,6197,2976,3221
석천사거리,2023-07-03,9231,4740,4491
모래내시장,2023-07-03,15252,7415,7837
만수,2023-07-03,10089,5234,4855
남동구청,2023-07-03,9222,4712,4510
인천대공원,2023-07-03,4808,2388,2420
운연(서창),2023-07-03,2537,1310,1227
검단오류(검단산업단지),2023-07-04,5669,2756,2913
왕길,2023-07-04,4935,2438,2497
검단사거리,2023-07-04,15297,8030,7267
마전,2023-07-04,8492,4138,4354
완정,2023-07-04,14129,7357,6772
독정,2023-07-04,7563,3739,3824
검암,2023-07-04,5649,2918,2731
검바위,2023-07-04,7098,3403,3695
아시아드경기장(공촌사거리),2023-07-04,8964,4771,4193
서구청,2023-07-04,15384,7605,7779
가정(루원시티),2023-07-04,21465,10959,10506
가정중앙시장,2023-07-04,9926,4783,5143
석남(거북시장),2023-07-04,5516,2678,2838
서부여성회관,2023-07-04,7320,3738,3582
인천가좌,2023-07-04,7942,4015,3927
가재울,2023-07-04,6832,3462,3370
주안국가산단,2023-07-04,5552,2718,2834
주안,2023-07-04,14002,5949,8053
시민공원(문화창작지대),2023-07-04,17622,9073,8549
석바위시장,2023-07-04,8401,4051,4350
인천시청,2023-07-04,5953,2866,3087
석천사거리,2023-07-04,8996,4558,4438
모래내시장,2023-07-04,13484,6636,6848
만수,2023-07-04,9560,4988,4572
남동구청,2023-07-04,8259,4268,3991
인천대공원,2023-07-04,3572,1813,1759
운연(서창),2023-07-04,2364,1257,1107
검단오류(검단산업단지),2023-07-05,5885,2891,2994
왕길,2023-07-05,5288,2664,2624
검단사거리,2023-07-05,16765,8736,8029
마전,2023-07-05,8801,4323,4478
완정,2023-07-05,15558,8109,7449
독정,2023-07-05,8266,4158,4108
검암,2023-07-05,6090,3253,2837
검바위,2023-07-05,7410,3603,3807
아시아드경기장(공촌사거리),2023-07-05,9749,5216,4533
서구청,2023-07-05,17288,8458,8830
가정(루원시티),2023-07-05,23271,11951,11320
가정중앙시장,2023-07-05,11812,5683,6129
석남(거북시장),2023-07-05,6337,3074,3263
서부여성회관,2023-07-05,8347,4255,4092
인천가좌,2023-07-05,8631,4399,4232
가재울,2023-07-05,7500,3807,3693
주안국가산단,2023-07-05,5683,2745,2938
주안,2023-07-05,15903,6903,9000
시민공원(문화창작지대),2023-07-05,18767,9599,9168
석바위시장,2023-07-05,9152,4444,4708
인천시청,2023-07-05,6801,3238,3563
석천사거리,2023-07-05,9531,4948,4583
모래내시장,2023-07-05,16048,7792,8256
만수,2023-07-05,10659,5507,5152
남동구청,2023-07-05,9315,4866,4449
인천대공원,2023-07-05,5227,2634,2593
운연(서창),2023-07-05,2874,1511,1363
검단오류(검단산업단지),2023-07-06,5895,2914,2981
왕길,2023-07-06,5425,2749,2676
검단사거리,2023-07-06,17128,8929,8199
마전,2023-07-06,9021,4440,4581
완정,2023-07-06,15490,7990,7500
독정,2023-07-06,8609,4297,4312
검암,2023-07-06,6078,3230,2848
검바위,2023-07-06,7737,3796,3941
아시아드경기장(공촌사거리),2023-07-06,9444,5036,4408
서구청,2023-07-06,17146,8449,8697
가정(루원시티),2023-07-06,23673,12126,11547
가정중앙시장,2023-07-06,11462,5534,5928
석남(거북시장),2023-07-06,6251,3002,3249
서부여성회관,2023-07-06,8298,4248,4050
인천가좌,2023-07-06,8660,4405,4255
가재울,2023-07-06,7256,3656,3600
주안국가산단,2023-07-06,5774,2824,2950
주안,2023-07-06,15858,6805,9053
시민공원(문화창작지대),2023-07-06,18753,9616,9137
석바위시장,2023-07-06,9088,4359,4729
인천시청,2023-07-06,6928,3310,3618
석천사거리,2023-07-06,9581,4990,4591
모래내시장,2023-07-06,15529,7573,7956
만수,2023-07-06,10521,5391,5130
남동구청,2023-07-06,9361,4866,4495
인천대공원,2023-07-06,5365,2732,2633
운연(서창),2023-07-06,2688,1463,1225
검단오류(검단산업단지),2023-07-07,5924,2937,2987
왕길,2023-07-07,5555,2812,2743
검단사거리,2023-07-07,18570,9617,8953
마전,2023-07-07,9518,4776,4742
완정,2023-07-07,16627,8691,7936
독정,2023-07-07,9098,4543,4555
검암,2023-07-07,6364,3377,2987
검바위,2023-07-07,7871,3852,4019
아시아드경기장(공촌사거리),2023-07-07,9769,5303,4466
서구청,2023-07-07,17705,8714,8991
가정(루원시티),2023-07-07,24102,12374,11728
가정중앙시장,2023-07-07,11912,5702,6210
석남(거북시장),2023-07-07,6500,3215,3285
서부여성회관,2023-07-07,8800,4461,4339
인천가좌,2023-07-07,8634,4398,4236
가재울,2023-07-07,7534,3832,3702
주안국가산단,2023-07-07,5619,2750,2869
주안,2023-07-07,16634,7113,9521
시민공원(문화창작지대),2023-07-07,19211,9808,9403
석바위시장,2023-07-07,9265,4519,4746
인천시청,2023-07-07,6706,3187,3519
석천사거리,2023-07-07,9673,5103,4570
모래내시장,2023-07-07,16500,8049,8451
만수,2023-07-07,10909,5658,5251
남동구청,2023-07-07,9374,4872,4502
인천대공원,2023-07-07,5308,2695,2613
운연(서창),2023-07-07,2673,1425,1248
검단오류(검단산업단지),2023-07-08,2200,1171,1029
왕길,2023-07-08,3021,1580,1441
검단사거리,2023-07-08,13650,7032,6618
마전,2023-07-08,5978,2986,2992
완정,2023-07-08,10358,5417,4941
독정,2023-07-08,5621,2776,2845
검암,2023-07-08,4912,2643,2269
검바위,2023-07-08,3839,1864,1975
아시아드경기장(공촌사거리),2023-07-08,6943,3604,3339
서구청,2023-07-08,11192,5578,5614
가정(루원시티),2023-07-08,14667,7466,7201
가정중앙시장,2023-07-08,9572,4607,4965
석남(거북시장),2023-07-08,4852,2298,2554
서부여성회관,2023-07-08,6138,3224,2914
인천가좌,2023-07-08,4750,2429,2321
가재울,2023-07-08,4077,2069,2008
주안국가산단,2023-07-08,1504,743,761
주안,2023-07-08,13420,5489,7931
시민공원(문화창작지대),2023-07-08,13115,6730,6385
석바위시장,2023-07-08,6558,3186,3372
인천시청,2023-07-08,4609,2160,2449
석천사거리,2023-07-08,6245,3295,2950
모래내시장,2023-07-08,13147,6467,6680
만수,2023-07-08,7823,4017,3806
남동구청,2023-07-08,5893,3049,2844
인천대공원,2023-07-08,6141,3061,3080
운연(서창),2023-07-08,1914,984,930
검단오류(검단산업단지),2023-07-09,1371,657,714
왕길,2023-07-09,1819,906,913
검단사거리,2023-07-09,9146,4549,4597
마전,2023-07-09,3880,1877,2003
완정,2023-07-09,6472,3291,3181
독정,2023-07-09,3318,1611,1707
검암,2023-07-09,2967,1549,1418
검바위,2023-07-09,2716,1268,1448
아시아드경기장(공촌사거리),2023-07-09,4590,2462,2128
서구청,2023-07-09,6995,3528,3467
가정(루원시티),2023-07-09,9402,4730,4672
가정중앙시장,2023-07-09,6214,3053,3161
석남(거북시장),2023-07-09,3037,1436,1601
서부여성회관,2023-07-09,4383,2250,2133
인천가좌,2023-07-09,2988,1499,1489
가재울,2023-07-09,2636,1301,1335
주안국가산단,2023-07-09,704,338,366
주안,2023-07-09,8467,3520,4947
시민공원(문화창작지대),2023-07-09,9155,4647,4508
석바위시장,2023-07-09,4426,2132,2294
인천시청,2023-07-09,3194,1576,1618
석천사거리,2023-07-09,4032,2127,1905
모래내시장,2023-07-09,8155,3970,4185
만수,2023-07-09,5272,2718,2554
남동구청,2023-07-09,3684,1907,1777
인천대공원,2023-07-09,3495,1737,1758
운연(서창),2023-07-09,1177,609,568
검단오류(검단산업단지),2023-07-10,5789,2821,2968
왕길,2023-07-10,5279,2628,2651
검단사거리,2023-07-10,16412,8566,7846
마전,2023-07-10,8709,4266,4443
완정,2023-07-10,14991,7746,7245
독정,2023-07-10,8396,4196,4200
검암,2023-07-10,5948,3162,2786
검바위,2023-07-10,7364,3573,3791
아시아드경기장(공촌사거리),2023-07-10,9478,5049,4429
서구청,2023-07-10,16759,8339,8420
가정(루원시티),2023-07-10,22416,11471,10945
가정중앙시장,2023-07-10,11176,5398,5778
석남(거북시장),2023-07-10,6101,2956,3145
서부여성회관,2023-07-10,8011,4108,3903
인천가좌,2023-07-10,8191,4124,4067
가재울,2023-07-10,7228,3704,3524
주안국가산단,2023-07-10,5584,2723,2861
주안,2023-07-10,15059,6501,8558
시민공원(문화창작지대),2023-07-10,18391,9484,8907
석바위시장,2023-07-10,8984,4332,4652
인천시청,2023-07-10,6385,3089,3296
석천사거리,2023-07-10,8993,4684,4309
모래내시장,2023-07-10,15162,7323,7839
만수,2023-07-10,9893,5092,4801
남동구청,2023-07-10,8880,4625,4255
인천대공원,2023-07-10,4321,2166,2155
운연(서창),2023-07-10,2474,1320,1154
검단오류(검단산업단지),2023-07-11,5654,2736,2918
왕길,2023-07-11,4843,2415,2428
검단사거리,2023-07-11,15077,7926,7151
마전,2023-07-11,8298,4029,4269
완정,2023-07-11,14195,7371,6824
독정,2023-07-11,7613,3758,3855
검암,2023-07-11,5772,3128,2644
검바위,2023-07-11,6967,3317,3650
아시아드경기장(공촌사거리),2023-07-11,8942,4786,4156
서구청,2023-07-11,15508,7701,7807
가정(루원시티),2023-07-11,21515,11007,10508
가정중앙시장,2023-07-11,10349,4948,5401
석남(거북시장),2023-07-11,5538,2705,2833
서부여성회관,2023-07-11,7469,3815,3654
인천가좌,2023-07-11,7958,4029,3929
가재울,2023-07-11,6914,3501,3413
주안국가산단,2023-07-11,5518,2699,2819
주안,2023-07-11,14322,6163,8159
시민공원(문화창작지대),2023-07-11,17724,9146,8578
석바위시장,2023-07-11,8215,3913,4302
인천시청,2023-07-11,5944,2866,3078
석천사거리,2023-07-11,8873,4581,4292
모래내시장,2023-07-11,13473,6546,6927
만수,2023-07-11,9298,4831,4467
남동구청,2023-07-11,8368,4337,4031
인천대공원,2023-07-11,3359,1694,1665
운연(서창),2023-07-11,2315,1251,1064
검단오류(검단산업단지),2023-07-12,5860,2882,2978
왕길,2023-07-12,5302,2641,2661
검단사거리,2023-07-12,16768,8787,7981
마전,2023-07-12,9403,4631,4772
완정,2023-07-12,16405,8506,7899
독정,2023-07-12,8689,4329,4360
검암,2023-07-12,6200,3334,2866
검바위,2023-07-12,7684,3712,3972
아시아드경기장(공촌사거리),2023-07-12,9862,5276,4586
서구청,2023-07-12,17450,8657,8793
가정(루원시티),2023-07-12,23879,12191,11688
가정중앙시장,2023-07-12,11911,5733,6178
석남(거북시장),2023-07-12,6586,3226,3360
서부여성회관,2023-07-12,8461,4310,4151
인천가좌,2023-07-12,8834,4494,4340
가재울,2023-07-12,7559,3822,3737
주안국가산단,2023-07-12,5684,2744,2940
주안,2023-07-12,15952,6878,9074
시민공원(문화창작지대),2023-07-12,19310,9957,9353
석바위시장,2023-07-12,9092,4388,4704
인천시청,2023-07-12,6868,3290,3578
석천사거리,2023-07-12,9739,4939,4800
모래내시장,2023-07-12,16279,7909,8370
만수,2023-07-12,10515,5451,5064
남동구청,2023-07-12,9457,4928,4529
인천대공원,2023-07-12,4945,2505,2440
운연(서창),2023-07-12,2771,1479,1292
검단오류(검단산업단지),2023-07-13,5550,2715,2835
왕길,2023-07-13,5006,2473,2533
검단사거리,2023-07-13,15042,7739,7303
마전,2023-07-13,8526,4140,4386
완정,2023-07-13,13939,7191,6748
독정,2023-07-13,7737,3858,3879
검암,2023-07-13,5738,3043,2695
검바위,2023-07-13,6948,3322,3626
아시아드경기장(공촌사거리),2023-07-13,8403,4546,3857
서구청,2023-07-13,15064,7389,7675
가정(루원시티),2023-07-13,21556,11097,10459
가정중앙시장,2023-07-13,10084,4829,5255
석남(거북시장),2023-07-13,5482,2652,2830
서부여성회관,2023-07-13,7465,3801,3664
인천가좌,2023-07-13,7874,3941,3933
가재울,2023-07-13,6806,3437,3369
주안국가산단,2023-07-13,5449,2636,2813
주안,2023-07-13,13867,5949,7918
시민공원(문화창작지대),2023-07-13,17226,8813,8413
석바위시장,2023-07-13,7770,3762,4008
인천시청,2023-07-13,5883,2838,3045
석천사거리,2023-07-13,8658,4401,4257
모래내시장,2023-07-13,12782,6244,6538
만수,2023-07-13,9030,4655,4375
남동구청,2023-07-13,8064,4136,3928
인천대공원,2023-07-13,3180,1652,1528
운연(서창),2023-07-13,2229,1216,1013
검단오류(검단산업단지),2023-07-14,5550,2748,2802
왕길,2023-07-14,5067,2529,2538
검단사거리,2023-07-14,16297,8575,7722
마전,2023-07-14,8432,4136,4296
완정,2023-07-14,14682,7607,7075
독정,2023-07-14,7940,3959,3981
검암,2023-07-14,5810,3118,2692
검바위,2023-07-14,7326,3581,3745
아시아드경기장(공촌사거리),2023-07-14,8815,4734,4081
서구청,2023-07-14,16230,7946,8284
가정(루원시티),2023-07-14,22000,11307,10693
가정중앙시장,2023-07-14,10854,5177,5677
석남(거북시장),2023-07-14,5898,2860,3038
서부여성회관,2023-07-14,7908,4060,3848
인천가좌,2023-07-14,8076,4068,4008
가재울,2023-07-14,6881,3482,3399
주안국가산단,2023-07-14,5272,2560,2712
주안,2023-07-14,15150,6464,8686
시민공원(문화창작지대),2023-07-14,17872,9213,8659
석바위시장,2023-07-14,8271,3992,4279
인천시청,2023-07-14,6184,3002,3182
석천사거리,2023-07-14,8755,4545,4210
모래내시장,2023-07-14,14009,6756,7253
만수,2023-07-14,9745,5086,4659
남동구청,2023-07-14,8198,4272,3926
인천대공원,2023-07-14,3108,1588,1520
운연(서창),2023-07-14,2301,1238,1063
검단오류(검단산업단지),2023-07-15,1948,1037,911
왕길,2023-07-15,2771,1406,1365
검단사거리,2023-07-15,12766,6571,6195
마전,2023-07-15,5514,2767,2747
완정,2023-07-15,9420,4916,4504
독정,2023-07-15,5085,2515,2570
검암,2023-07-15,4183,2212,1971
검바위,2023-07-15,3506,1688,1818
아시아드경기장(공촌사거리),2023-07-15,6056,3193,2863
서구청,2023-07-15,10223,5069,5154
가정(루원시티),2023-07-15,13275,6862,6413
가정중앙시장,2023-07-15,8923,4370,4553
석남(거북시장),2023-07-15,4233,2035,2198
서부여성회관,2023-07-15,5512,2830,2682
인천가좌,2023-07-15,4502,2305,2197
가재울,2023-07-15,3949,2017,1932
주안국가산단,2023-07-15,1544,759,785
주안,2023-07-15,12248,4905,7343
시민공원(문화창작지대),2023-07-15,12348,6239,6109
석바위시장,2023-07-15,5761,2791,2970
인천시청,2023-07-15,4072,1932,2140
석천사거리,2023-07-15,5541,2949,2592
모래내시장,2023-07-15,11718,5715,6003
만수,2023-07-15,7151,3670,3481
남동구청,2023-07-15,5422,2831,2591
인천대공원,2023-07-15,4156,2087,2069
운연(서창),2023-07-15,1576,823,753
검단오류(검단산업단지),2023-07-16,1470,743,727
왕길,2023-07-16,2017,1015,1002
검단사거리,2023-07-16,9633,4834,4799
마전,2023-07-16,3958,1925,2033
완정,2023-07-16,6957,3501,3456
독정,2023-07-16,3885,1878,2007
검암,2023-07-16,3310,1746,1564
검바위,2023-07-16,2981,1439,1542
아시아드경기장(공촌사거리),2023-07-16,4709,2513,2196
서구청,2023-07-16,7528,3767,3761
가정(루원시티),2023-07-16,9602,4921,4681
가정중앙시장,2023-07-16,6517,3199,3318
석남(거북시장),2023-07-16,3210,1481,1729
서부여성회관,2023-07-16,4817,2467,2350
인천가좌,2023-07-16,3197,1614,1583
가재울,2023-07-16,2779,1393,1386
주안국가산단,2023-07-16,764,354,410
주안,2023-07-16,9230,3859,5371
시민공원(문화창작지대),2023-07-16,9981,5086,4895
석바위시장,2023-07-16,4468,2174,2294
인천시청,2023-07-16,3234,1561,1673
석천사거리,2023-07-16,4209,2239,1970
모래내시장,2023-07-16,9088,4443,4645
만수,2023-07-16,5428,2751,2677
남동구청,2023-07-16,3980,2083,1897
인천대공원,2023-07-16,4157,2091,2066
운연(서창),2023-07-16,1276,666,610
검단오류(검단산업단지),2023-07-17,5722,2796,2926
왕길,2023-07-17,5237,2594,2643
검단사거리,2023-07-17,16467,8578,7889
마전,2023-07-17,8661,4251,4410
완정,2023-07-17,14943,7796,7147
독정,2023-07-17,8365,4189,4176
검암,2023-07-17,6193,3353,2840
검바위,2023-07-17,7283,3427,3856
아시아드경기장(공촌사거리),2023-07-17,9393,5001,4392
서구청,2023-07-17,16803,8349,8454
가정(루원시티),2023-07-17,22399,11480,10919
가정중앙시장,2023-07-17,11204,5355,5849
석남(거북시장),2023-07-17,6081,2972,3109
서부여성회관,2023-07-17,7854,4016,3838
인천가좌,2023-07-17,8404,4253,4151
가재울,2023-07-17,7206,3712,3494
주안국가산단,2023-07-17,5564,2705,2859
주안,2023-07-17,15236,6580,8656
시민공원(문화창작지대),2023-07-17,18505,9547,8958
석바위시장,2023-07-17,8880,4338,4542
인천시청,2023-07-17,6450,3094,3356
석천사거리,2023-07-17,9092,4671,4421
모래내시장,2023-07-17,15361,7520,7841
만수,2023-07-17,10242,5302,4940
남동구청,2023-07-17,9054,4734,4320
인천대공원,2023-07-17,4649,2351,2298
운연(서창),2023-07-17,2639,1391,1248
검단오류(검단산업단지),2023-07-18,5897,2913,2984
왕길,2023-07-18,5354,2700,2654
검단사거리,2023-07-18,16495,8623,7872
마전,2023-07-18,8776,4303,4473
완정,2023-07-18,14835,7646,7189
독정,2023-07-18,8589,4231,4358
검암,2023-07-18,6279,3356,2923
검바위,2023-07-18,7444,3649,3795
아시아드경기장(공촌사거리),2023-07-18,9496,5105,4391
서구청,2023-07-18,16613,8218,8395
가정(루원시티),2023-07-18,22848,11648,11200
가정중앙시장,2023-07-18,11412,5516,5896
석남(거북시장),2023-07-18,6098,2947,3151
서부여성회관,2023-07-18,7812,3994,3818
인천가좌,2023-07-18,8432,4248,4184
가재울,2023-07-18,7134,3604,3530
주안국가산단,2023-07-18,5557,2698,2859
주안,2023-07-18,15096,6531,8565
시민공원(문화창작지대),2023-07-18,18464,9497,8967
석바위시장,2023-07-18,8708,4242,4466
인천시청,2023-07-18,6512,3147,3365
석천사거리,2023-07-18,9222,4808,4414
모래내시장,2023-07-18,14807,7210,7597
만수,2023-07-18,10047,5230,4817
남동구청,2023-07-18,8810,4546,4264
인천대공원,2023-07-18,4092,2052,2040
운연(서창),2023-07-18,2548,1361,1187
검단오류(검단산업단지),2023-07-19,5979,2952,3027
왕길,2023-07-19,5449,2711,2738
검단사거리,2023-07-19,17184,9090,8094
마전,2023-07-19,9116,4414,4702
완정,2023-07-19,15493,7998,7495
독정,2023-07-19,8690,4342,4348
검암,2023-07-19,6697,3599,3098
검바위,2023-07-19,7597,3620,3977
아시아드경기장(공촌사거리),2023-07-19,9932,5351,4581
서구청,2023-07-19,17639,8769,8870
가정(루원시티),2023-07-19,23597,11970,11627
가정중앙시장,2023-07-19,11709,5630,6079
석남(거북시장),2023-07-19,6449,3142,3307
서부여성회관,2023-07-19,8048,4143,3905
인천가좌,2023-07-19,8577,4325,4252
가재울,2023-07-19,7625,3847,3778
주안국가산단,2023-07-19,5738,2777,2961
주안,2023-07-19,15862,6776,9086
시민공원(문화창작지대),2023-07-19,19447,9977,9470
석바위시장,2023-07-19,9260,4485,4775
인천시청,2023-07-19,6925,3277,3648
석천사거리,2023-07-19,9415,4883,4532
모래내시장,2023-07-19,15705,7580,8125
만수,2023-07-19,10357,5383,4974
남동구청,2023-07-19,9451,4920,4531
인천대공원,2023-07-19,5258,2672,2586
운연(서창),2023-07-19,2562,1381,1181
검단오류(검단산업단지),2023-07-20,5845,2891,2954
왕길,2023-07-20,5088,2572,2516
검단사거리,2023-07-20,16121,8402,7719
마전,2023-07-20,8627,4207,4420
완정,2023-07-20,14996,7771,7225
독정,2023-07-20,8332,4286,4046
검암,2023-07-20,6506,3503,3003
검바위,2023-07-20,6333,3044,3289
아시아드경기장(공촌사거리),2023-07-20,9017,4872,4145
서구청,2023-07-20,16756,8269,8487
가정(루원시티),2023-07-20,23146,11896,11250
가정중앙시장,2023-07-20,11539,5599,5940
석남(거북시장),2023-07-20,6052,2945,3107
서부여성회관,2023-07-20,8074,4091,3983
인천가좌,2023-07-20,8113,4111,4002
가재울,2023-07-20,7320,3697,3623
주안국가산단,2023-07-20,5649,2719,2930
주안,2023-07-20,15704,6659,9045
시민공원(문화창작지대),2023-07-20,18957,9744,9213
석바위시장,2023-07-20,9005,4323,4682
인천시청,2023-07-20,7017,3339,3678
석천사거리,2023-07-20,9280,4808,4472
모래내시장,2023-07-20,15857,7668,8189
만수,2023-07-20,10157,5297,4860
남동구청,2023-07-20,9032,4678,4354
인천대공원,2023-07-20,5131,2616,2515
운연(서창),2023-07-20,2645,1435,1210
검단오류(검단산업단지),2023-07-21,5836,2881,2955
왕길,2023-07-21,5137,2594,2543
검단사거리,2023-07-21,16800,8823,7977
마전,2023-07-21,8726,4279,4447
완정,2023-07-21,14810,7765,7045
독정,2023-07-21,7928,3946,3982
검암,2023-07-21,6571,3540,3031
검바위,2023-07-21,5749,2801,2948
아시아드경기장(공촌사거리),2023-07-21,9197,4923,4274
서구청,2023-07-21,17110,8413,8697
가정(루원시티),2023-07-21,22996,11855,11141
가정중앙시장,2023-07-21,11932,5754,6178
석남(거북시장),2023-07-21,6350,3111,3239
서부여성회관,2023-07-21,8330,4243,4087
인천가좌,2023-07-21,8353,4208,4145
가재울,2023-07-21,7399,3763,3636
주안국가산단,2023-07-21,5512,2656,2856
주안,2023-07-21,15979,6751,9228
시민공원(문화창작지대),2023-07-21,18921,9700,9221
석바위시장,2023-07-21,9133,4453,4680
인천시청,2023-07-21,6871,3343,3528
석천사거리,2023-07-21,9390,4936,4454
모래내시장,2023-07-21,15628,7622,8006
만수,2023-07-21,10149,5234,4915
남동구청,2023-07-21,8884,4683,4201
인천대공원,2023-07-21,5016,2535,2481
운연(서창),2023-07-21,2645,1435,1210
검단오류(검단산업단지),2023-07-22,2083,1091,992
왕길,2023-07-22,2685,1386,1299
검단사거리,2023-07-22,12266,6372,5894
마전,2023-07-22,5483,2720,2763
완정,2023-07-22,9499,4934,4565
독정,2023-07-22,5260,2607,2653
검암,2023-07-22,4519,2382,2137
검바위,2023-07-22,3620,1736,1884
아시아드경기장(공촌사거리),2023-07-22,6036,3179,2857
서구청,2023-07-22,10181,5029,5152
가정(루원시티),2023-07-22,13576,6992,6584
가정중앙시장,2023-07-22,8875,4314,4561
석남(거북시장),2023-07-22,4266,2056,2210
서부여성회관,2023-07-22,5471,2770,2701
인천가좌,2023-07-22,4575,2361,2214
가재울,2023-07-22,3863,1946,1917
주안국가산단,2023-07-22,1686,802,884
주안,2023-07-22,11962,4777,7185
시민공원(문화창작지대),2023-07-22,13200,6786,6414
석바위시장,2023-07-22,6204,3054,3150
인천시청,2023-07-22,3978,1885,2093
석천사거리,2023-07-22,5962,3101,2861
모래내시장,2023-07-22,11309,5492,5817
만수,2023-07-22,7432,3813,3619
남동구청,2023-07-22,5240,2686,2554
인천대공원,2023-07-22,4986,2519,2467
운연(서창),2023-07-22,1549,836,713
검단오류(검단산업단지),2023-07-23,1192,583,609
왕길,2023-07-23,1663,830,833
검단사거리,2023-07-23,8022,3952,4070
마전,2023-07-23,3436,1680,1756
완정,2023-07-23,5754,2899,2855
독정,2023-07-23,2863,1394,1469
검암,2023-07-23,2843,1538,1305
검바위,2023-07-23,2429,1109,1320
아시아드경기장(공촌사거리),2023-07-23,3960,2137,1823
서구청,2023-07-23,6227,3119,3108
가정(루원시티),2023-07-23,8549,4259,4290
가정중앙시장,2023-07-23,5417,2616,2801
석남(거북시장),2023-07-23,2795,1323,1472
서부여성회관,2023-07-23,3814,1944,1870
인천가좌,2023-07-23,2645,1323,1322
가재울,2023-07-23,2458,1242,1216
주안국가산단,2023-07-23,600,299,301
주안,2023-07-23,7567,3108,4459
시민공원(문화창작지대),2023-07-23,8534,4329,4205
석바위시장,2023-07-23,4023,1932,2091
인천시청,2023-07-23,2704,1284,1420
석천사거리,2023-07-23,3510,1814,1696
모래내시장,2023-07-23,7042,3449,3593
만수,2023-07-23,4609,2335,2274
남동구청,2023-07-23,3289,1707,1582
인천대공원,2023-07-23,2301,1153,1148
운연(서창),2023-07-23,935,488,447
검단오류(검단산업단지),2023-07-24,5728,2801,2927
왕길,2023-07-24,4940,2486,2454
검단사거리,2023-07-24,15664,8126,7538
마전,2023-07-24,8297,4063,4234
완정,2023-07-24,14163,7295,6868
독정,2023-07-24,7820,3940,3880
검암,2023-07-24,6216,3306,2910
검바위,2023-07-24,5584,2685,2899
아시아드경기장(공촌사거리),2023-07-24,8730,4638,4092
서구청,2023-07-24,16003,7970,8033
가정(루원시티),2023-07-24,21554,11045,10509
가정중앙시장,2023-07-24,10873,5222,5651
석남(거북시장),2023-07-24,5776,2793,2983
서부여성회관,2023-07-24,7638,3899,3739
인천가좌,2023-07-24,8062,4058,4004
가재울,2023-07-24,6957,3523,3434
주안국가산단,2023-07-24,5448,2661,2787
주안,2023-07-24,14593,6263,8330
시민공원(문화창작지대),2023-07-24,17828,9185,8643
석바위시장,2023-07-24,8315,4057,4258
인천시청,2023-07-24,6119,2972,3147
석천사거리,2023-07-24,8825,4588,4237
모래내시장,2023-07-24,14849,7222,7627
만수,2023-07-24,9428,4849,4579
남동구청,2023-07-24,8654,4532,4122
인천대공원,2023-07-24,4965,2505,2460
운연(서창),2023-07-24,2453,1322,1131
검단오류(검단산업단지),2023-07-25,5787,2843,2944
왕길,2023-07-25,4941,2481,2460
검단사거리,2023-07-25,15956,8335,7621
마전,2023-07-25,8389,4095,4294
완정,2023-07-25,14541,7459,7082
독정,2023-07-25,7517,3789,3728
검암,2023-07-25,6186,3346,2840
검바위,2023-07-25,5502,2636,2866
아시아드경기장(공촌사거리),2023-07-25,8893,4792,4101
서구청,2023-07-25,16450,8098,8352
가정(루원시티),2023-07-25,22103,11381,10722
가정중앙시장,2023-07-25,11706,5673,6033
석남(거북시장),2023-07-25,5880,2821,3059
서부여성회관,2023-07-25,7688,3929,3759
인천가좌,2023-07-25,7993,4025,3968
가재울,2023-07-25,7029,3533,3496
주안국가산단,2023-07-25,5509,2670,2839
주안,2023-07-25,15044,6381,8663
시민공원(문화창작지대),2023-07-25,18302,9502,8800
석바위시장,2023-07-25,8712,4160,4552
인천시청,2023-07-25,6478,3133,3345
석천사거리,2023-07-25,8880,4625,4255
모래내시장,2023-07-25,14983,7251,7732
만수,2023-07-25,9684,4989,4695
남동구청,2023-07-25,8487,4400,4087
인천대공원,2023-07-25,4931,2481,2450
운연(서창),2023-07-25,2500,1333,1167
검단오류(검단산업단지),2023-07-26,5761,2861,2900
왕길,2023-07-26,5140,2583,2557
검단사거리,2023-07-26,15656,8183,7473
마전,2023-07-26,8326,4067,4259
완정,2023-07-26,14299,7424,6875
독정,2023-07-26,7707,3870,3837
검암,2023-07-26,6402,3433,2969
검바위,2023-07-26,5493,2663,2830
아시아드경기장(공촌사거리),2023-07-26,8819,4733,4086
서구청,2023-07-26,16349,8072,8277
가정(루원시티),2023-07-26,21939,11253,10686
가정중앙시장,2023-07-26,11022,5368,5654
석남(거북시장),2023-07-26,5822,2845,2977
서부여성회관,2023-07-26,7686,3938,3748
인천가좌,2023-07-26,8000,4036,3964
가재울,2023-07-26,7145,3629,3516
주안국가산단,2023-07-26,5645,2746,2899
주안,2023-07-26,15095,6371,8724
시민공원(문화창작지대),2023-07-26,18614,9608,9006
석바위시장,2023-07-26,8633,4189,4444
인천시청,2023-07-26,6438,3084,3354
석천사거리,2023-07-26,8826,4611,4215
모래내시장,2023-07-26,14916,7257,7659
만수,2023-07-26,9853,5061,4792
남동구청,2023-07-26,8537,4438,4099
인천대공원,2023-07-26,4653,2390,2263
운연(서창),2023-07-26,2489,1337,1152
검단오류(검단산업단지),2023-07-27,5542,2720,2822
왕길,2023-07-27,4918,2476,2442
검단사거리,2023-07-27,15645,8223,7422
마전,2023-07-27,8301,4068,4233
완정,2023-07-27,14225,7389,6836
독정,2023-07-27,7430,3744,3686
검암,2023-07-27,6448,3456,2992
검바위,2023-07-27,5363,2604,2759
아시아드경기장(공촌사거리),2023-07-27,8693,4700,3993
서구청,2023-07-27,16125,7949,8176
가정(루원시티),2023-07-27,21738,11285,10453
가정중앙시장,2023-07-27,11072,5302,5770
석남(거북시장),2023-07-27,5842,2829,3013
서부여성회관,2023-07-27,7756,3949,3807
인천가좌,2023-07-27,8017,4052,3965
가재울,2023-07-27,6867,3471,3396
주안국가산단,2023-07-27,5351,2580,2771
주안,2023-07-27,14724,6292,8432
시민공원(문화창작지대),2023-07-27,18337,9433,8904
석바위시장,2023-07-27,8564,4152,4412
인천시청,2023-07-27,6309,3019,3290
석천사거리,2023-07-27,8654,4512,4142
모래내시장,2023-07-27,14703,7166,7537
만수,2023-07-27,9640,4990,4650
남동구청,2023-07-27,8171,4259,3912
인천대공원,2023-07-27,4803,2430,2373
운연(서창),2023-07-27,2359,1271,1088
검단오류(검단산업단지),2023-07-28,5477,2686,2791
왕길,2023-07-28,4825,2406,2419
검단사거리,2023-07-28,16493,8598,7895
마전,2023-07-28,8162,4108,4054
완정,2023-07-28,14101,7375,6726
독정,2023-07-28,7605,3880,3725
검암,2023-07-28,6377,3446,2931
검바위,2023-07-28,5346,2598,2748
아시아드경기장(공촌사거리),2023-07-28,8396,4523,3873
서구청,2023-07-28,16110,7890,8220
가정(루원시티),2023-07-28,21629,11226,10403
가정중앙시장,2023-07-28,11310,5485,5825
석남(거북시장),2023-07-28,5804,2765,3039
서부여성회관,2023-07-28,7817,4012,3805
인천가좌,2023-07-28,7794,3954,3840
가재울,2023-07-28,6763,3410,3353
주안국가산단,2023-07-28,5139,2516,2623
주안,2023-07-28,14890,6207,8683
시민공원(문화창작지대),2023-07-28,18179,9324,8855
석바위시장,2023-07-28,8439,4093,4346
인천시청,2023-07-28,5937,2825,3112
석천사거리,2023-07-28,8387,4403,3984
모래내시장,2023-07-28,14555,7090,7465
만수,2023-07-28,9599,4914,4685
남동구청,2023-07-28,8257,4361,3896
인천대공원,2023-07-28,4429,2288,2141
운연(서창),2023-07-28,2387,1288,1099
검단오류(검단산업단지),2023-07-29,2124,1158,966
왕길,2023-07-29,2719,1387,1332
검단사거리,2023-07-29,12387,6479,5908
마전,2023-07-29,5093,2496,2597
완정,2023-07-29,9308,4924,4384
독정,2023-07-29,5259,2594,2665
검암,2023-07-29,4461,2331,2130
검바위,2023-07-29,3457,1699,1758
아시아드경기장(공촌사거리),2023-07-29,5928,3145,2783
서구청,2023-07-29,9744,4763,4981
가정(루원시티),2023-07-29,12945,6724,6221
가정중앙시장,2023-07-29,8628,4232,4396
석남(거북시장),2023-07-29,4120,1991,2129
서부여성회관,2023-07-29,5458,2833,2625
인천가좌,2023-07-29,4502,2310,2192
가재울,2023-07-29,3411,1710,1701
주안국가산단,2023-07-29,1106,550,556
주안,2023-07-29,11514,4714,6800
시민공원(문화창작지대),2023-07-29,12126,6215,5911
석바위시장,2023-07-29,5830,2815,3015
인천시청,2023-07-29,3882,1888,1994
석천사거리,2023-07-29,5540,2929,2611
모래내시장,2023-07-29,11098,5475,5623
만수,2023-07-29,6764,3508,3256
남동구청,2023-07-29,5292,2785,2507
인천대공원,2023-07-29,4633,2349,2284
운연(서창),2023-07-29,1519,800,719
검단오류(검단산업단지),2023-07-30,1551,773,778
왕길,2023-07-30,1822,916,906
검단사거리,2023-07-30,9125,4615,4510
마전,2023-07-30,3775,1881,1894
완정,2023-07-30,6355,3201,3154
독정,2023-07-30,3811,1885,1926
검암,2023-07-30,3355,1770,1585
검바위,2023-07-30,2550,1208,1342
아시아드경기장(공촌사거리),2023-07-30,4578,2448,2130
서구청,2023-07-30,6824,3399,3425
가정(루원시티),2023-07-30,9385,4720,4665
가정중앙시장,2023-07-30,6077,2969,3108
석남(거북시장),2023-07-30,3090,1456,1634
서부여성회관,2023-07-30,4554,2312,2242
인천가좌,2023-07-30,3082,1595,1487
가재울,2023-07-30,2696,1321,1375
주안국가산단,2023-07-30,624,286,338
주안,2023-07-30,8571,3482,5089
시민공원(문화창작지대),2023-07-30,9804,4988,4816
석바위시장,2023-07-30,4453,2179,2274
인천시청,2023-07-30,3070,1456,1614
석천사거리,2023-07-30,3992,2093,1899
모래내시장,2023-07-30,8608,4241,4367
만수,2023-07-30,5296,2683,2613
남동구청,2023-07-30,3754,1947,1807
인천대공원,2023-07-30,4063,2031,2032
운연(서창),2023-07-30,1115,588,527
검단오류(검단산업단지),2023-07-31,4163,2028,2135
왕길,2023-07-31,4069,2037,2032
검단사거리,2023-07-31,14626,7516,7110
마전,2023-07-31,7110,3444,3666
완정,2023-07-31,12605,6565,6040
독정,2023-07-31,7078,3546,3532
검암,2023-07-31,5597,3010,2587
검바위,2023-07-31,4639,2284,2355
아시아드경기장(공촌사거리),2023-07-31,7646,4096,3550
서구청,2023-07-31,14108,7012,7096
가정(루원시티),2023-07-31,18576,9526,9050
가정중앙시장,2023-07-31,10195,4903,5292
석남(거북시장),2023-07-31,5129,2463,2666
서부여성회관,2023-07-31,6737,3458,3279
인천가좌,2023-07-31,6603,3325,3278
가재울,2023-07-31,5364,2744,2620
주안국가산단,2023-07-31,3103,1530,1573
주안,2023-07-31,13208,5675,7533
시민공원(문화창작지대),2023-07-31,16453,8478,7975
석바위시장,2023-07-31,7823,3772,4051
인천시청,2023-07-31,5248,2544,2704
석천사거리,2023-07-31,7769,4049,3720
모래내시장,2023-07-31,13069,6386,6683
만수,2023-07-31,8238,4236,4002
남동구청,2023-07-31,7440,3887,3553
인천대공원,2023-07-31,4193,2116,2077
운연(서창),2023-07-31,2023,1076,947
검단오류(검단산업단지),2023-08-01,4103,2025,2078
왕길,2023-08-01,4089,2076,2013
검단사거리,2023-08-01,14551,7427,7124
마전,2023-08-01,7350,3615,3735
완정,2023-08-01,12742,6553,6189
독정,2023-08-01,6898,3452,3446
검암,2023-08-01,5962,3242,2720
검바위,2023-08-01,4714,2284,2430
아시아드경기장(공촌사거리),2023-08-01,7620,4062,3558
서구청,2023-08-01,14297,7080,7217
가정(루원시티),2023-08-01,19053,9850,9203
가정중앙시장,2023-08-01,10134,4916,5218
석남(거북시장),2023-08-01,5249,2487,2762
서부여성회관,2023-08-01,6686,3371,3315
인천가좌,2023-08-01,6610,3361,3249
가재울,2023-08-01,5308,2709,2599
주안국가산단,2023-08-01,2958,1428,1530
주안,2023-08-01,13031,5414,7617
시민공원(문화창작지대),2023-08-01,16407,8391,8016
석바위시장,2023-08-01,7735,3797,3938
인천시청,2023-08-01,5578,2668,2910
석천사거리,2023-08-01,7882,4111,3771
모래내시장,2023-08-01,13015,6251,6764
만수,2023-08-01,8315,4325,3990
남동구청,2023-08-01,7314,3780,3534
인천대공원,2023-08-01,4267,2158,2109
운연(서창),2023-08-01,1991,1061,930
검단오류(검단산업단지),2023-08-02,3844,1888,1956
왕길,2023-08-02,4058,2048,2010
검단사거리,2023-08-02,14304,7400,6904
마전,2023-08-02,7210,3542,3668
완정,2023-08-02,12377,6418,5959
독정,2023-08-02,6916,3447,3469
검암,2023-08-02,5924,3205,2719
검바위,2023-08-02,4594,2238,2356
아시아드경기장(공촌사거리),2023-08-02,7551,4044,3507
서구청,2023-08-02,14022,6915,7107
가정(루원시티),2023-08-02,18670,9674,8996
가정중앙시장,2023-08-02,9944,4808,5136
석남(거북시장),2023-08-02,5196,2462,2734
서부여성회관,2023-08-02,7125,3603,3522
인천가좌,2023-08-02,6217,3141,3076
가재울,2023-08-02,5352,2691,2661
주안국가산단,2023-08-02,2969,1449,1520
주안,2023-08-02,13334,5581,7753
시민공원(문화창작지대),2023-08-02,16488,8480,8008
석바위시장,2023-08-02,7675,3715,3960
인천시청,2023-08-02,5694,2746,2948
석천사거리,2023-08-02,7695,4006,3689
모래내시장,2023-08-02,12897,6269,6628
만수,2023-08-02,8612,4450,4162
남동구청,2023-08-02,7335,3818,3517
인천대공원,2023-08-02,4209,2130,2079
운연(서창),2023-08-02,2057,1094,963
검단오류(검단산업단지),2023-08-03,4523,2255,2268
왕길,2023-08-03,4265,2162,2103
검단사거리,2023-08-03,14235,7399,6836
마전,2023-08-03,7342,3605,3737
완정,2023-08-03,12625,6507,6118
독정,2023-08-03,7072,3567,3505
검암,2023-08-03,6263,3311,2952
검바위,2023-08-03,4522,2179,2343
아시아드경기장(공촌사거리),2023-08-03,7780,4151,3629
서구청,2023-08-03,14063,6936,7127
가정(루원시티),2023-08-03,19379,9988,9391
가정중앙시장,2023-08-03,10133,4963,5170
석남(거북시장),2023-08-03,5159,2469,2690
서부여성회관,2023-08-03,7211,3685,3526
인천가좌,2023-08-03,6657,3330,3327
가재울,2023-08-03,5687,2898,2789
주안국가산단,2023-08-03,3830,1853,1977
주안,2023-08-03,13239,5562,7677
시민공원(문화창작지대),2023-08-03,16386,8461,7925
석바위시장,2023-08-03,7717,3742,3975
인천시청,2023-08-03,5575,2635,2940
석천사거리,2023-08-03,7758,4040,3718
모래내시장,2023-08-03,12823,6252,6571
만수,2023-08-03,8400,4352,4048
남동구청,2023-08-03,7303,3809,3494
인천대공원,2023-08-03,4294,2174,2120
운연(서창),2023-08-03,2103,1136,967
검단오류(검단산업단지),2023-08-04,4454,2212,2242
왕길,2023-08-04,4252,2173,2079
검단사거리,2023-08-04,14811,7645,7166
마전,2023-08-04,7316,3666,3650
완정,2023-08-04,12847,6675,6172
독정,2023-08-04,6866,3471,3395
검암,2023-08-04,6182,3334,2848
검바위,2023-08-04,4626,2254,2372
아시아드경기장(공촌사거리),2023-08-04,7501,4073,3428
서구청,2023-08-04,14692,7256,7436
가정(루원시티),2023-08-04,19538,10054,9484
가정중앙시장,2023-08-04,10510,5087,5423
석남(거북시장),2023-08-04,5443,2643,2800
서부여성회관,2023-08-04,7570,3834,3736
인천가좌,2023-08-04,6583,3324,3259
가재울,2023-08-04,6077,3127,2950
주안국가산단,2023-08-04,3876,1902,1974
주안,2023-08-04,14121,5939,8182
시민공원(문화창작지대),2023-08-04,16816,8575,8241
석바위시장,2023-08-04,7715,3713,4002
인천시청,2023-08-04,5537,2670,2867
석천사거리,2023-08-04,7652,4003,3649
모래내시장,2023-08-04,13602,6613,6989
만수,2023-08-04,8817,4527,4290
남동구청,2023-08-04,7469,3940,3529
인천대공원,2023-08-04,4240,2151,2089
운연(서창),2023-08-04,2192,1182,1010
검단오류(검단산업단지),2023-08-05,2019,1060,959
왕길,2023-08-05,2615,1376,1239
검단사거리,2023-08-05,11368,5727,5641
마전,2023-08-05,5017,2481,2536
완정,2023-08-05,8831,4625,4206
독정,2023-08-05,4966,2429,2537
검암,2023-08-05,4484,2344,2140
검바위,2023-08-05,3287,1602,1685
아시아드경기장(공촌사거리),2023-08-05,5342,2881,2461
서구청,2023-08-05,9250,4541,4709
가정(루원시티),2023-08-05,12339,6294,6045
가정중앙시장,2023-08-05,8080,3909,4171
석남(거북시장),2023-08-05,3977,1903,2074
서부여성회관,2023-08-05,5308,2693,2615
인천가좌,2023-08-05,4197,2105,2092
가재울,2023-08-05,3445,1759,1686
주안국가산단,2023-08-05,1222,583,639
주안,2023-08-05,11048,4405,6643
시민공원(문화창작지대),2023-08-05,11898,6108,5790
석바위시장,2023-08-05,5607,2739,2868
인천시청,2023-08-05,3561,1664,1897
석천사거리,2023-08-05,5115,2719,2396
모래내시장,2023-08-05,10711,5259,5452
만수,2023-08-05,6437,3311,3126
남동구청,2023-08-05,4807,2440,2367
인천대공원,2023-08-05,4427,2230,2197
운연(서창),2023-08-05,1425,746,679
검단오류(검단산업단지),2023-08-06,1567,741,826
왕길,2023-08-06,1878,960,918
검단사거리,2023-08-06,8994,4494,4500
마전,2023-08-06,3675,1804,1871
완정,2023-08-06,6323,3234,3089
독정,2023-08-06,3811,1832,1979
검암,2023-08-06,3391,1774,1617
검바위,2023-08-06,2654,1225,1429
아시아드경기장(공촌사거리),2023-08-06,4577,2409,2168
서구청,2023-08-06,6770,3381,3389
가정(루원시티),2023-08-06,8949,4484,4465
가정중앙시장,2023-08-06,6270,3101,3169
석남(거북시장),2023-08-06,3037,1416,1621
서부여성회관,2023-08-06,4395,2264,2131
인천가좌,2023-08-06,2911,1437,1474
가재울,2023-08-06,2586,1285,1301
주안국가산단,2023-08-06,676,343,333
주안,2023-08-06,8377,3482,4895
시민공원(문화창작지대),2023-08-06,9882,5102,4780
석바위시장,2023-08-06,4408,2144,2264
인천시청,2023-08-06,3123,1469,1654
석천사거리,2023-08-06,3976,2070,1906
모래내시장,2023-08-06,8304,4083,4221
만수,2023-08-06,5114,2603,2511
남동구청,2023-08-06,3587,1846,1741
인천대공원,2023-08-06,3916,1978,1938
운연(서창),2023-08-06,1101,570,531
검단오류(검단산업단지),2023-08-07,5496,2687,2809
왕길,2023-08-07,4351,2224,2127
검단사거리,2023-08-07,14835,7663,7172
마전,2023-08-07,7549,3647,3902
완정,2023-08-07,13042,6707,6335
독정,2023-08-07,7081,3542,3539
검암,2023-08-07,6133,3282,2851
검바위,2023-08-07,4736,2297,2439
아시아드경기장(공촌사거리),2023-08-07,7922,4261,3661
서구청,2023-08-07,14760,7293,7467
가정(루원시티),2023-08-07,20151,10398,9753
가정중앙시장,2023-08-07,10163,4897,5266
석남(거북시장),2023-08-07,5545,2718,2827
서부여성회관,2023-08-07,7192,3659,3533
인천가좌,2023-08-07,7399,3673,3726
가재울,2023-08-07,6426,3220,3206
주안국가산단,2023-08-07,5186,2534,2652
주안,2023-08-07,13216,5626,7590
시민공원(문화창작지대),2023-08-07,17493,8948,8545
석바위시장,2023-08-07,8295,4033,4262
인천시청,2023-08-07,5442,2652,2790
석천사거리,2023-08-07,8300,4235,4065
모래내시장,2023-08-07,13733,6670,7063
만수,2023-08-07,8761,4520,4241
남동구청,2023-08-07,7971,4132,3839
인천대공원,2023-08-07,4012,2023,1989
운연(서창),2023-08-07,2169,1187,982
검단오류(검단산업단지),2023-08-08,5692,2788,2904
왕길,2023-08-08,4534,2310,2224
검단사거리,2023-08-08,15027,7792,7235
마전,2023-08-08,7772,3766,4006
완정,2023-08-08,13566,7003,6563
독정,2023-08-08,7193,3576,3617
검암,2023-08-08,6419,3429,2990
검바위,2023-08-08,4938,2376,2562
아시아드경기장(공촌사거리),2023-08-08,8257,4465,3792
서구청,2023-08-08,15467,7607,7860
가정(루원시티),2023-08-08,21168,10942,10226
가정중앙시장,2023-08-08,10924,5328,5596
석남(거북시장),2023-08-08,5693,2745,2948
서부여성회관,2023-08-08,7355,3750,3605
인천가좌,2023-08-08,7703,3896,3807
가재울,2023-08-08,6859,3459,3400
주안국가산단,2023-08-08,5383,2635,2748
주안,2023-08-08,13974,5954,8020
시민공원(문화창작지대),2023-08-08,17725,9071,8654
석바위시장,2023-08-08,8378,4120,4258
인천시청,2023-08-08,5959,2855,3104
석천사거리,2023-08-08,8671,4484,4187
모래내시장,2023-08-08,14135,6822,7313
만수,2023-08-08,9151,4744,4407
남동구청,2023-08-08,8216,4262,3954
인천대공원,2023-08-08,4280,2168,2112
운연(서창),2023-08-08,2290,1204,1086
검단오류(검단산업단지),2023-08-09,5681,2807,2874
왕길,2023-08-09,4613,2304,2309
검단사거리,2023-08-09,15632,8151,7481
마전,2023-08-09,7928,3871,4057
완정,2023-08-09,13868,7162,6706
독정,2023-08-09,7338,3676,3662
검암,2023-08-09,6415,3497,2918
검바위,2023-08-09,5019,2402,2617
아시아드경기장(공촌사거리),2023-08-09,8893,4768,4125
서구청,2023-08-09,15638,7659,7979
가정(루원시티),2023-08-09,21067,10769,10298
가정중앙시장,2023-08-09,11039,5348,5691
석남(거북시장),2023-08-09,5860,2831,3029
서부여성회관,2023-08-09,7898,4044,3854
인천가좌,2023-08-09,7813,3903,3910
가재울,2023-08-09,6885,3511,3374
주안국가산단,2023-08-09,5429,2670,2759
주안,2023-08-09,14538,6232,8306
시민공원(문화창작지대),2023-08-09,18433,9439,8994
석바위시장,2023-08-09,8496,4072,4424
인천시청,2023-08-09,6096,2894,3202
석천사거리,2023-08-09,8635,4474,4161
모래내시장,2023-08-09,14817,7124,7693
만수,2023-08-09,9392,4880,4512
남동구청,2023-08-09,8289,4333,3956
인천대공원,2023-08-09,4380,2211,2169
운연(서창),2023-08-09,2320,1243,1077
검단오류(검단산업단지),2023-08-10,5128,2450,2678
왕길,2023-08-10,3734,1853,1881
검단사거리,2023-08-10,12244,6415,5829
마전,2023-08-10,6240,2980,3260
완정,2023-08-10,11225,5778,5447
독정,2023-08-10,5834,2939,2895
검암,2023-08-10,5287,2790,2497
검바위,2023-08-10,4018,1914,2104
아시아드경기장(공촌사거리),2023-08-10,7185,3916,3269
서구청,2023-08-10,12631,6170,6461
가정(루원시티),2023-08-10,17125,8741,8384
가정중앙시장,2023-08-10,8779,4269,4510
석남(거북시장),2023-08-10,4633,2262,2371
서부여성회관,2023-08-10,6128,3060,3068
인천가좌,2023-08-10,6860,3453,3407
가재울,2023-08-10,5864,2994,2870
주안국가산단,2023-08-10,5122,2490,2632
주안,2023-08-10,11148,4768,6380
시민공원(문화창작지대),2023-08-10,15036,7725,7311
석바위시장,2023-08-10,6813,3293,3520
인천시청,2023-08-10,4694,2261,2433
석천사거리,2023-08-10,7137,3607,3530
모래내시장,2023-08-10,10489,5123,5366
만수,2023-08-10,6919,3568,3351
남동구청,2023-08-10,6343,3271,3072
인천대공원,2023-08-10,2168,1090,1078
운연(서창),2023-08-10,1746,917,829
검단오류(검단산업단지),2023-08-11,5070,2491,2579
왕길,2023-08-11,4287,2198,2089
검단사거리,2023-08-11,14720,7652,7068
마전,2023-08-11,7095,3465,3630
완정,2023-08-11,12780,6651,6129
독정,2023-08-11,6834,3450,3384
검암,2023-08-11,6341,3569,2772
검바위,2023-08-11,4738,2309,2429
아시아드경기장(공촌사거리),2023-08-11,8140,4413,3727
서구청,2023-08-11,15121,7499,7622
가정(루원시티),2023-08-11,19726,10175,9551
가정중앙시장,2023-08-11,10440,4995,5445
석남(거북시장),2023-08-11,5279,2586,2693
서부여성회관,2023-08-11,7471,3784,3687
인천가좌,2023-08-11,7569,3860,3709
가재울,2023-08-11,6342,3248,3094
주안국가산단,2023-08-11,5195,2527,2668
주안,2023-08-11,13597,5734,7863
시민공원(문화창작지대),2023-08-11,16794,8592,8202
석바위시장,2023-08-11,7554,3658,3896
인천시청,2023-08-11,5352,2595,2757
석천사거리,2023-08-11,7938,4172,3766
모래내시장,2023-08-11,12988,6310,6678
만수,2023-08-11,8771,4519,4252
남동구청,2023-08-11,7291,3812,3479
인천대공원,2023-08-11,2934,1500,1434
운연(서창),2023-08-11,2075,1121,954
검단오류(검단산업단지),2023-08-12,2227,1188,1039
왕길,2023-08-12,2667,1387,1280
검단사거리,2023-08-12,12440,6394,6046
마전,2023-08-12,5450,2740,2710
완정,2023-08-12,9604,4953,4651
독정,2023-08-12,5399,2711,2688
검암,2023-08-12,5083,2671,2412
검바위,2023-08-12,3584,1787,1797
아시아드경기장(공촌사거리),2023-08-12,13586,7719,5867
서구청,2023-08-12,15521,5912,9609
가정(루원시티),2023-08-12,13441,6760,6681
가정중앙시장,2023-08-12,9212,4535,4677
석남(거북시장),2023-08-12,4482,2094,2388
서부여성회관,2023-08-12,5810,3017,2793
인천가좌,2023-08-12,4300,2172,2128
가재울,2023-08-12,3819,1918,1901
주안국가산단,2023-08-12,1517,730,787
주안,2023-08-12,12711,5116,7595
시민공원(문화창작지대),2023-08-12,13084,6783,6301
석바위시장,2023-08-12,5802,2806,2996
인천시청,2023-08-12,4316,2083,2233
석천사거리,2023-08-12,5848,3124,2724
모래내시장,2023-08-12,12030,5867,6163
만수,2023-08-12,7246,3737,3509
남동구청,2023-08-12,5358,2808,2550
인천대공원,2023-08-12,4604,2356,2248
운연(서창),2023-08-12,1694,899,795
검단오류(검단산업단지),2023-08-13,1676,846,830
왕길,2023-08-13,1830,925,905
검단사거리,2023-08-13,9692,4821,4871
마전,2023-08-13,4134,2038,2096
완정,2023-08-13,7297,3706,3591
독정,2023-08-13,3555,1778,1777
검암,2023-08-13,3752,1961,1791
검바위,2023-08-13,2767,1320,1447
아시아드경기장(공촌사거리),2023-08-13,4932,2600,2332
서구청,2023-08-13,7799,4051,3748
가정(루원시티),2023-08-13,10125,5164,4961
가정중앙시장,2023-08-13,6914,3428,3486
석남(거북시장),2023-08-13,3261,1530,1731
서부여성회관,2023-08-13,4982,2603,2379
인천가좌,2023-08-13,3170,1589,1581
가재울,2023-08-13,2912,1448,1464
주안국가산단,2023-08-13,643,318,325
주안,2023-08-13,9191,3854,5337
시민공원(문화창작지대),2023-08-13,10035,5146,4889
석바위시장,2023-08-13,4699,2313,2386
인천시청,2023-08-13,3340,1587,1753
석천사거리,2023-08-13,4537,2351,2186
모래내시장,2023-08-13,9848,4821,5027
만수,2023-08-13,6003,3097,2906
남동구청,2023-08-13,4150,2148,2002
인천대공원,2023-08-13,5486,2752,2734
운연(서창),2023-08-13,1235,662,573
검단오류(검단산업단지),2023-08-14,4372,2133,2239
왕길,2023-08-14,4266,2193,2073
검단사거리,2023-08-14,15332,7988,7344
마전,2023-08-14,7321,3582,3739
완정,2023-08-14,12828,6627,6201
독정,2023-08-14,7782,3939,3843
검암,2023-08-14,6253,3353,2900
검바위,2023-08-14,4727,2278,2449
아시아드경기장(공촌사거리),2023-08-14,8343,4407,3936
서구청,2023-08-14,15741,7806,7935
가정(루원시티),2023-08-14,19457,9984,9473
가정중앙시장,2023-08-14,10975,5364,5611
석남(거북시장),2023-08-14,5604,2707,2897
서부여성회관,2023-08-14,7245,3702,3543
인천가좌,2023-08-14,7227,3665,3562
가재울,2023-08-14,6389,3254,3135
주안국가산단,2023-08-14,4264,2071,2193
주안,2023-08-14,14185,5941,8244
시민공원(문화창작지대),2023-08-14,17080,8755,8325
석바위시장,2023-08-14,7872,3812,4060
인천시청,2023-08-14,5391,2550,2841
석천사거리,2023-08-14,8052,4216,3836
모래내시장,2023-08-14,14397,7001,7396
만수,2023-08-14,8789,4585,4204
남동구청,2023-08-14,7918,4126,3792
인천대공원,2023-08-14,4751,2393,2358
운연(서창),2023-08-14,2172,1189,983
검단오류(검단산업단지),2023-08-15,2082,1017,1065
왕길,2023-08-15,2571,1280,1291
검단사거리,2023-08-15,10498,5347,5151
마전,2023-08-15,4493,2190,2303
완정,2023-08-15,7537,3893,3644
독정,2023-08-15,4812,2416,2396
검암,2023-08-15,3968,2111,1857
검바위,2023-08-15,2897,1402,1495
아시아드경기장(공촌사거리),2023-08-15,5136,2728,2408
서구청,2023-08-15,8068,3977,4091
가정(루원시티),2023-08-15,10650,5465,5185
가정중앙시장,2023-08-15,7586,3758,3828
석남(거북시장),2023-08-15,3594,1724,1870
서부여성회관,2023-08-15,4454,2232,2222
인천가좌,2023-08-15,3762,1899,1863
가재울,2023-08-15,3315,1617,1698
주안국가산단,2023-08-15,1601,751,850
주안,2023-08-15,9963,4115,5848
시민공원(문화창작지대),2023-08-15,10366,5325,5041
석바위시장,2023-08-15,4965,2435,2530
인천시청,2023-08-15,3633,1704,1929
석천사거리,2023-08-15,4761,2490,2271
모래내시장,2023-08-15,10402,4994,5408
만수,2023-08-15,6109,3151,2958
남동구청,2023-08-15,4528,2423,2105
인천대공원,2023-08-15,5556,2780,2776
운연(서창),2023-08-15,1281,671,610
검단오류(검단산업단지),2023-08-16,5766,2836,2930
왕길,2023-08-16,4964,2492,2472
검단사거리,2023-08-16,16149,8521,7628
마전,2023-08-16,8303,3999,4304
완정,2023-08-16,14577,7461,7116
독정,2023-08-16,8603,4325,4278
검암,2023-08-16,6733,3573,3160
검바위,2023-08-16,6937,3385,3552
아시아드경기장(공촌사거리),2023-08-16,9213,4902,4311
서구청,2023-08-16,16475,8219,8256
가정(루원시티),2023-08-16,22326,11399,10927
가정중앙시장,2023-08-16,11417,5513,5904
석남(거북시장),2023-08-16,6024,2929,3095
서부여성회관,2023-08-16,8024,4074,3950
인천가좌,2023-08-16,8188,4131,4057
가재울,2023-08-16,7418,3788,3630
주안국가산단,2023-08-16,5382,2645,2737
주안,2023-08-16,14566,6283,8283
시민공원(문화창작지대),2023-08-16,18439,9471,8968
석바위시장,2023-08-16,8871,4271,4600
인천시청,2023-08-16,6348,3010,3338
석천사거리,2023-08-16,9018,4603,4415
모래내시장,2023-08-16,15199,7438,7761
만수,2023-08-16,9877,5138,4739
남동구청,2023-08-16,8732,4585,4147
인천대공원,2023-08-16,4515,2259,2256
운연(서창),2023-08-16,2421,1277,1144
검단오류(검단산업단지),2023-08-17,5835,2843,2992
왕길,2023-08-17,4861,2441,2420
검단사거리,2023-08-17,16203,8476,7727
마전,2023-08-17,8347,4050,4297
완정,2023-08-17,14686,7521,7165
독정,2023-08-17,8485,4278,4207
검암,2023-08-17,6775,3629,3146
검바위,2023-08-17,6865,3295,3570
아시아드경기장(공촌사거리),2023-08-17,9287,4949,4338
서구청,2023-08-17,16020,7930,8090
가정(루원시티),2023-08-17,22388,11454,10934
가정중앙시장,2023-08-17,11482,5535,5947
석남(거북시장),2023-08-17,6067,2930,3137
서부여성회관,2023-08-17,8066,4082,3984
인천가좌,2023-08-17,7990,4050,3940
가재울,2023-08-17,7193,3658,3535
주안국가산단,2023-08-17,5477,2660,2817
주안,2023-08-17,14938,6384,8554
시민공원(문화창작지대),2023-08-17,18377,9317,9060
석바위시장,2023-08-17,8699,4233,4466
인천시청,2023-08-17,6349,3049,3300
석천사거리,2023-08-17,8980,4610,4370
모래내시장,2023-08-17,14755,7208,7547
만수,2023-08-17,9994,5173,4821
남동구청,2023-08-17,8606,4472,4134
인천대공원,2023-08-17,4584,2317,2267
운연(서창),2023-08-17,2430,1304,1126
검단오류(검단산업단지),2023-08-18,5795,2863,2932
왕길,2023-08-18,5003,2536,2467
검단사거리,2023-08-18,17009,8917,8092
마전,2023-08-18,8537,4180,4357
완정,2023-08-18,15276,7982,7294
독정,2023-08-18,8674,4354,4320
검암,2023-08-18,7108,3839,3269
검바위,2023-08-18,7060,3386,3674
아시아드경기장(공촌사거리),2023-08-18,9286,4944,4342
서구청,2023-08-18,16869,8395,8474
가정(루원시티),2023-08-18,23336,11935,11401
가정중앙시장,2023-08-18,12015,5834,6181
석남(거북시장),2023-08-18,6263,3027,3236
서부여성회관,2023-08-18,8421,4320,4101
인천가좌,2023-08-18,8298,4212,4086
가재울,2023-08-18,7402,3780,3622
주안국가산단,2023-08-18,5495,2715,2780
주안,2023-08-18,15990,6795,9195
시민공원(문화창작지대),2023-08-18,18965,9652,9313
석바위시장,2023-08-18,9063,4353,4710
인천시청,2023-08-18,6528,3146,3382
석천사거리,2023-08-18,9313,4878,4435
모래내시장,2023-08-18,15968,7690,8278
만수,2023-08-18,10404,5432,4972
남동구청,2023-08-18,8860,4652,4208
인천대공원,2023-08-18,4602,2359,2243
운연(서창),2023-08-18,2525,1347,1178
검단오류(검단산업단지),2023-08-19,2268,1200,1068
왕길,2023-08-19,2847,1476,1371
검단사거리,2023-08-19,12566,6440,6126
마전,2023-08-19,5817,2940,2877
완정,2023-08-19,9711,5058,4653
독정,2023-08-19,5563,2759,2804
검암,2023-08-19,4977,2647,2330
검바위,2023-08-19,3596,1734,1862
아시아드경기장(공촌사거리),2023-08-19,6519,3390,3129
서구청,2023-08-19,10621,5225,5396
가정(루원시티),2023-08-19,13923,7204,6719
가정중앙시장,2023-08-19,9409,4542,4867
석남(거북시장),2023-08-19,4496,2170,2326
서부여성회관,2023-08-19,5704,2888,2816
인천가좌,2023-08-19,4598,2361,2237
가재울,2023-08-19,3929,2003,1926
주안국가산단,2023-08-19,1477,704,773
주안,2023-08-19,12266,5100,7166
시민공원(문화창작지대),2023-08-19,13184,6830,6354
석바위시장,2023-08-19,6317,3139,3178
인천시청,2023-08-19,4439,2078,2361
석천사거리,2023-08-19,6362,3403,2959
모래내시장,2023-08-19,12664,6149,6515
만수,2023-08-19,7827,4045,3782
남동구청,2023-08-19,5660,2962,2698
인천대공원,2023-08-19,5578,2809,2769
운연(서창),2023-08-19,1611,849,762
검단오류(검단산업단지),2023-08-20,1514,730,784
왕길,2023-08-20,1996,1028,968
검단사거리,2023-08-20,9586,4766,4820
마전,2023-08-20,4042,1961,2081
완정,2023-08-20,6895,3518,3377
독정,2023-08-20,4249,2038,2211
검암,2023-08-20,3641,1873,1768
검바위,2023-08-20,2635,1256,1379
아시아드경기장(공촌사거리),2023-08-20,5062,2653,2409
서구청,2023-08-20,7303,3686,3617
가정(루원시티),2023-08-20,10035,5058,4977
가정중앙시장,2023-08-20,6829,3327,3502
석남(거북시장),2023-08-20,3262,1529,1733
서부여성회관,2023-08-20,4826,2471,2355
인천가좌,2023-08-20,3159,1595,1564
가재울,2023-08-20,2745,1385,1360
주안국가산단,2023-08-20,734,355,379
주안,2023-08-20,9144,3786,5358
시민공원(문화창작지대),2023-08-20,10422,5363,5059
석바위시장,2023-08-20,4803,2302,2501
인천시청,2023-08-20,3564,1689,1875
석천사거리,2023-08-20,4493,2362,2131
모래내시장,2023-08-20,9646,4763,4883
만수,2023-08-20,5741,2963,2778
남동구청,2023-08-20,4175,2166,2009
인천대공원,2023-08-20,5023,2531,2492
운연(서창),2023-08-20,1252,631,621
검단오류(검단산업단지),2023-08-21,5718,2793,2925
왕길,2023-08-21,5229,2600,2629
검단사거리,2023-08-21,16089,8395,7694
마전,2023-08-21,8698,4229,4469
완정,2023-08-21,14277,7391,6886
독정,2023-08-21,8567,4319,4248
검암,2023-08-21,6651,3553,3098
검바위,2023-08-21,6775,3286,3489
아시아드경기장(공촌사거리),2023-08-21,9045,4830,4215
서구청,2023-08-21,16131,8025,8106
가정(루원시티),2023-08-21,22229,11439,10790
가정중앙시장,2023-08-21,11344,5498,5846
석남(거북시장),2023-08-21,6157,2937,3220
서부여성회관,2023-08-21,7778,3997,3781
인천가좌,2023-08-21,8258,4202,4056
가재울,2023-08-21,7248,3666,3582
주안국가산단,2023-08-21,5569,2730,2839
주안,2023-08-21,14985,6418,8567
시민공원(문화창작지대),2023-08-21,18654,9609,9045
석바위시장,2023-08-21,8823,4304,4519
인천시청,2023-08-21,6164,2949,3215
석천사거리,2023-08-21,9239,4746,4493
모래내시장,2023-08-21,14902,7185,7717
만수,2023-08-21,9856,5070,4786
남동구청,2023-08-21,8904,4678,4226
인천대공원,2023-08-21,4520,2295,2225
운연(서창),2023-08-21,2324,1272,1052
검단오류(검단산업단지),2023-08-22,5696,2798,2898
왕길,2023-08-22,5059,2507,2552
검단사거리,2023-08-22,15856,8317,7539
마전,2023-08-22,8441,4090,4351
완정,2023-08-22,14343,7397,6946
독정,2023-08-22,8364,4133,4231
검암,2023-08-22,6637,3579,3058
검바위,2023-08-22,6631,3161,3470
아시아드경기장(공촌사거리),2023-08-22,8833,4730,4103
서구청,2023-08-22,15817,7875,7942
가정(루원시티),2023-08-22,21785,11097,10688
가정중앙시장,2023-08-22,11188,5399,5789
석남(거북시장),2023-08-22,5946,2859,3087
서부여성회관,2023-08-22,7582,3877,3705
인천가좌,2023-08-22,8184,4132,4052
가재울,2023-08-22,7237,3692,3545
주안국가산단,2023-08-22,5504,2669,2835
주안,2023-08-22,14494,6185,8309
시민공원(문화창작지대),2023-08-22,18318,9429,8889
석바위시장,2023-08-22,8736,4176,4560
인천시청,2023-08-22,6127,2964,3163
석천사거리,2023-08-22,9137,4659,4478
모래내시장,2023-08-22,14298,7019,7279
만수,2023-08-22,9805,5063,4742
남동구청,2023-08-22,8808,4585,4223
인천대공원,2023-08-22,3853,1974,1879
운연(서창),2023-08-22,2337,1243,1094
검단오류(검단산업단지),2023-08-23,5539,2726,2813
왕길,2023-08-23,4802,2390,2412
검단사거리,2023-08-23,14899,7767,7132
마전,2023-08-23,8299,4052,4247
완정,2023-08-23,13771,7057,6714
독정,2023-08-23,8025,4044,3981
검암,2023-08-23,6367,3491,2876
검바위,2023-08-23,6449,3131,3318
아시아드경기장(공촌사거리),2023-08-23,8522,4552,3970
서구청,2023-08-23,14490,7170,7320
가정(루원시티),2023-08-23,21351,10826,10525
가정중앙시장,2023-08-23,10172,4940,5232
석남(거북시장),2023-08-23,5667,2710,2957
서부여성회관,2023-08-23,7466,3808,3658
인천가좌,2023-08-23,7918,3966,3952
가재울,2023-08-23,6839,3432,3407
주안국가산단,2023-08-23,5455,2685,2770
주안,2023-08-23,13817,5896,7921
시민공원(문화창작지대),2023-08-23,17214,8815,8399
석바위시장,2023-08-23,7939,3831,4108
인천시청,2023-08-23,5722,2719,3003
석천사거리,2023-08-23,8579,4405,4174
모래내시장,2023-08-23,12712,6140,6572
만수,2023-08-23,8977,4646,4331
남동구청,2023-08-23,8023,4187,3836
인천대공원,2023-08-23,2738,1390,1348
운연(서창),2023-08-23,2220,1180,1040
검단오류(검단산업단지),2023-08-24,5750,2840,2910
왕길,2023-08-24,5130,2553,2577
검단사거리,2023-08-24,15897,8285,7612
마전,2023-08-24,8427,4129,4298
완정,2023-08-24,14673,7610,7063
독정,2023-08-24,8525,4322,4203
검암,2023-08-24,6861,3753,3108
검바위,2023-08-24,6973,3362,3611
아시아드경기장(공촌사거리),2023-08-24,9078,4833,4245
서구청,2023-08-24,16367,8158,8209
가정(루원시티),2023-08-24,22178,11340,10838
가정중앙시장,2023-08-24,11741,5634,6107
석남(거북시장),2023-08-24,6170,2958,3212
서부여성회관,2023-08-24,7995,4076,3919
인천가좌,2023-08-24,8139,4114,4025
가재울,2023-08-24,7348,3720,3628
주안국가산단,2023-08-24,5454,2697,2757
주안,2023-08-24,14862,6296,8566
시민공원(문화창작지대),2023-08-24,18467,9493,8974
석바위시장,2023-08-24,8530,4116,4414
인천시청,2023-08-24,6427,3128,3299
석천사거리,2023-08-24,8936,4675,4261
모래내시장,2023-08-24,14968,7262,7706
만수,2023-08-24,9960,5188,4772
남동구청,2023-08-24,9012,4674,4338
인천대공원,2023-08-24,4040,2046,1994
운연(서창),2023-08-24,2420,1279,1141
검단오류(검단산업단지),2023-08-25,5746,2774,2972
왕길,2023-08-25,5345,2704,2641
검단사거리,2023-08-25,17186,9014,8172
마전,2023-08-25,9084,4447,4637
완정,2023-08-25,15615,8046,7569
독정,2023-08-25,9006,4542,4464
검암,2023-08-25,7325,3953,3372
검바위,2023-08-25,7180,3465,3715
아시아드경기장(공촌사거리),2023-08-25,9576,5169,4407
서구청,2023-08-25,17867,8791,9076
가정(루원시티),2023-08-25,23500,12078,11422
가정중앙시장,2023-08-25,12567,6103,6464
석남(거북시장),2023-08-25,6357,3094,3263
서부여성회관,2023-08-25,8882,4518,4364
인천가좌,2023-08-25,8530,4383,4147
가재울,2023-08-25,7684,3939,3745
주안국가산단,2023-08-25,5519,2701,2818
주안,2023-08-25,16035,6833,9202
시민공원(문화창작지대),2023-08-25,19419,9928,9491
석바위시장,2023-08-25,9319,4557,4762
인천시청,2023-08-25,6863,3300,3563
석천사거리,2023-08-25,9602,5033,4569
모래내시장,2023-08-25,16320,7906,8414
만수,2023-08-25,10668,5560,5108
남동구청,2023-08-25,9563,4966,4597
인천대공원,2023-08-25,5053,2573,2480
운연(서창),2023-08-25,2564,1377,1187
검단오류(검단산업단지),2023-08-26,2215,1187,1028
왕길,2023-08-26,3135,1648,1487
검단사거리,2023-08-26,13519,7000,6519
마전,2023-08-26,5792,2888,2904
완정,2023-08-26,10373,5419,4954
독정,2023-08-26,5938,2994,2944
검암,2023-08-26,5308,2801,2507
검바위,2023-08-26,3867,1934,1933
아시아드경기장(공촌사거리),2023-08-26,6760,3478,3282
서구청,2023-08-26,11616,5818,5798
가정(루원시티),2023-08-26,14855,7647,7208
가정중앙시장,2023-08-26,9930,4851,5079
석남(거북시장),2023-08-26,4840,2301,2539
서부여성회관,2023-08-26,5999,3072,2927
인천가좌,2023-08-26,4993,2570,2423
가재울,2023-08-26,4063,2026,2037
주안국가산단,2023-08-26,1608,764,844
주안,2023-08-26,13250,5397,7853
시민공원(문화창작지대),2023-08-26,13895,7183,6712
석바위시장,2023-08-26,6484,3135,3349
인천시청,2023-08-26,4573,2152,2421
석천사거리,2023-08-26,6249,3304,2945
모래내시장,2023-08-26,12925,6279,6646
만수,2023-08-26,7868,4089,3779
남동구청,2023-08-26,5826,3065,2761
인천대공원,2023-08-26,6109,3039,3070
운연(서창),2023-08-26,1704,894,810
검단오류(검단산업단지),2023-08-27,1474,744,730
왕길,2023-08-27,2046,1006,1040
검단사거리,2023-08-27,9902,4936,4966
마전,2023-08-27,4240,2061,2179
완정,2023-08-27,7012,3497,3515
독정,2023-08-27,3606,1776,1830
검암,2023-08-27,3803,1920,1883
검바위,2023-08-27,2710,1282,1428
아시아드경기장(공촌사거리),2023-08-27,5184,2671,2513
서구청,2023-08-27,7848,3955,3893
가정(루원시티),2023-08-27,10195,5180,5015
가정중앙시장,2023-08-27,7204,3561,3643
석남(거북시장),2023-08-27,3336,1565,1771
서부여성회관,2023-08-27,4832,2460,2372
인천가좌,2023-08-27,3336,1674,1662
가재울,2023-08-27,2978,1482,1496
주안국가산단,2023-08-27,730,376,354
주안,2023-08-27,9593,3918,5675
시민공원(문화창작지대),2023-08-27,10505,5427,5078
석바위시장,2023-08-27,4998,2448,2550
인천시청,2023-08-27,3451,1624,1827
석천사거리,2023-08-27,4667,2467,2200
모래내시장,2023-08-27,9960,4826,5134
만수,2023-08-27,5918,3007,2911
남동구청,2023-08-27,4468,2370,2098
인천대공원,2023-08-27,6193,3123,3070
운연(서창),2023-08-27,1366,726,640
검단오류(검단산업단지),2023-08-28,5550,2705,2845
왕길,2023-08-28,4960,2481,2479
검단사거리,2023-08-28,15817,8338,7479
마전,2023-08-28,8384,4039,4345
완정,2023-08-28,14652,7554,7098
독정,2023-08-28,8375,4196,4179
검암,2023-08-28,6654,3588,3066
검바위,2023-08-28,6847,3344,3503
아시아드경기장(공촌사거리),2023-08-28,8875,4729,4146
서구청,2023-08-28,15903,7959,7944
가정(루원시티),2023-08-28,21947,11198,10749
가정중앙시장,2023-08-28,11257,5485,5772
석남(거북시장),2023-08-28,5745,2809,2936
서부여성회관,2023-08-28,7470,3860,3610
인천가좌,2023-08-28,8016,4049,3967
가재울,2023-08-28,7290,3671,3619
주안국가산단,2023-08-28,5536,2736,2800
주안,2023-08-28,15223,6637,8586
시민공원(문화창작지대),2023-08-28,18188,9341,8847
석바위시장,2023-08-28,8663,4203,4460
인천시청,2023-08-28,6241,2975,3266
석천사거리,2023-08-28,8730,4528,4202
모래내시장,2023-08-28,14305,6912,7393
만수,2023-08-28,9488,4901,4587
남동구청,2023-08-28,8654,4532,4122
인천대공원,2023-08-28,3226,1621,1605
운연(서창),2023-08-28,2267,1212,1055
검단오류(검단산업단지),2023-08-29,5600,2736,2864
왕길,2023-08-29,4920,2426,2494
검단사거리,2023-08-29,15234,7974,7260
마전,2023-08-29,8330,4035,4295
완정,2023-08-29,14506,7531,6975
독정,2023-08-29,8203,4050,4153
검암,2023-08-29,6709,3633,3076
검바위,2023-08-29,6740,3271,3469
아시아드경기장(공촌사거리),2023-08-29,8729,4641,4088
서구청,2023-08-29,15525,7708,7817
가정(루원시티),2023-08-29,21659,11012,10647
가정중앙시장,2023-08-29,11060,5377,5683
석남(거북시장),2023-08-29,5716,2797,2919
서부여성회관,2023-08-29,7454,3820,3634
인천가좌,2023-08-29,7943,4018,3925
가재울,2023-08-29,7055,3604,3451
주안국가산단,2023-08-29,5516,2731,2785
주안,2023-08-29,15100,6429,8671
시민공원(문화창작지대),2023-08-29,18176,9322,8854
석바위시장,2023-08-29,8336,4045,4291
인천시청,2023-08-29,6120,2934,3186
석천사거리,2023-08-29,8800,4556,4244
모래내시장,2023-08-29,13428,6563,6865
만수,2023-08-29,9339,4824,4515
남동구청,2023-08-29,8331,4359,3972
인천대공원,2023-08-29,3145,1601,1544
운연(서창),2023-08-29,2275,1207,1068
검단오류(검단산업단지),2023-08-30,5874,2915,2959
왕길,2023-08-30,5216,2604,2612
검단사거리,2023-08-30,16713,8736,7977
마전,2023-08-30,8950,4378,4572
완정,2023-08-30,15540,7995,7545
독정,2023-08-30,8923,4516,4407
검암,2023-08-30,7036,3746,3290
검바위,2023-08-30,7264,3584,3680
아시아드경기장(공촌사거리),2023-08-30,9601,5116,4485
서구청,2023-08-30,16622,8164,8458
가정(루원시티),2023-08-30,23269,11973,11296
가정중앙시장,2023-08-30,12358,5930,6428
석남(거북시장),2023-08-30,6289,3089,3200
서부여성회관,2023-08-30,8470,4301,4169
인천가좌,2023-08-30,8369,4199,4170
가재울,2023-08-30,7472,3823,3649
주안국가산단,2023-08-30,5693,2759,2934
주안,2023-08-30,16821,7121,9700
시민공원(문화창작지대),2023-08-30,19716,10100,9616
석바위시장,2023-08-30,9152,4456,4696
인천시청,2023-08-30,6990,3313,3677
석천사거리,2023-08-30,9305,4810,4495
모래내시장,2023-08-30,15647,7638,8009
만수,2023-08-30,10366,5381,4985
남동구청,2023-08-30,9123,4776,4347
인천대공원,2023-08-30,4640,2331,2309
운연(서창),2023-08-30,2570,1364,1206
검단오류(검단산업단지),2023-08-31,5851,2867,2984
왕길,2023-08-31,5115,2569,2546
검단사거리,2023-08-31,16576,8675,7901
마전,2023-08-31,8877,4311,4566
완정,2023-08-31,15480,8013,7467
독정,2023-08-31,8921,4592,4329
검암,2023-08-31,7086,3792,3294
검바위,2023-08-31,7158,3502,3656
아시아드경기장(공촌사거리),2023-08-31,9364,4984,4380
서구청,2023-08-31,16675,8200,8475
가정(루원시티),2023-08-31,23365,12034,11331
가정중앙시장,2023-08-31,12098,5836,6262
석남(거북시장),2023-08-31,6228,3013,3215
서부여성회관,2023-08-31,8462,4258,4204
인천가좌,2023-08-31,8549,4366,4183
가재울,2023-08-31,7607,3881,3726
주안국가산단,2023-08-31,5483,2643,2840
주안,2023-08-31,16324,7011,9313
시민공원(문화창작지대),2023-08-31,19898,10177,9721
석바위시장,2023-08-31,9212,4450,4762
인천시청,2023-08-31,6742,3282,3460
석천사거리,2023-08-31,9411,4823,4588
모래내시장,2023-08-31,15996,7811,8185
만수,2023-08-31,10355,5341,5014
남동구청,2023-08-31,8923,4711,4212
인천대공원,2023-08-31,5544,2819,2725
운연(서창),2023-08-31,2604,1387,1217
검단오류(검단산업단지),2023-09-01,5885,2898,2987
왕길,2023-09-01,5195,2660,2535
검단사거리,2023-09-01,17590,9212,8378
마전,2023-09-01,9118,4436,4682
완정,2023-09-01,16438,8435,8003
독정,2023-09-01,9458,4735,4723
검암,2023-09-01,7474,4074,3400
검바위,2023-09-01,7317,3593,3724
아시아드경기장(공촌사거리),2023-09-01,9664,5149,4515
서구청,2023-09-01,17559,8665,8894
가정(루원시티),2023-09-01,24441,12562,11879
가정중앙시장,2023-09-01,13052,6352,6700
석남(거북시장),2023-09-01,6497,3157,3340
서부여성회관,2023-09-01,8914,4566,4348
인천가좌,2023-09-01,8618,4315,4303
가재울,2023-09-01,7855,3980,3875
주안국가산단,2023-09-01,5668,2770,2898
주안,2023-09-01,16752,7092,9660
시민공원(문화창작지대),2023-09-01,19844,10273,9571
석바위시장,2023-09-01,9359,4482,4877
인천시청,2023-09-01,6859,3302,3557
석천사거리,2023-09-01,9594,5049,4545
모래내시장,2023-09-01,16590,8056,8534
만수,2023-09-01,10916,5682,5234
남동구청,2023-09-01,9472,4917,4555
인천대공원,2023-09-01,5655,2861,2794
운연(서창),2023-09-01,2746,1462,1284
검단오류(검단산업단지),2023-09-02,2382,1298,1084
왕길,2023-09-02,3172,1622,1550
검단사거리,2023-09-02,14122,7289,6833
마전,2023-09-02,6178,3140,3038
완정,2023-09-02,10617,5571,5046
독정,2023-09-02,6095,3088,3007
검암,2023-09-02,5729,3026,2703
검바위,2023-09-02,4004,1967,2037
아시아드경기장(공촌사거리),2023-09-02,6874,3534,3340
서구청,2023-09-02,11355,5590,5765
가정(루원시티),2023-09-02,15304,8007,7297
가정중앙시장,2023-09-02,10296,5095,5201
석남(거북시장),2023-09-02,4697,2232,2465
서부여성회관,2023-09-02,6471,3315,3156
인천가좌,2023-09-02,4926,2475,2451
가재울,2023-09-02,4603,2326,2277
주안국가산단,2023-09-02,1529,752,777
주안,2023-09-02,13451,5430,8021
시민공원(문화창작지대),2023-09-02,13791,7072,6719
석바위시장,2023-09-02,6698,3281,3417
인천시청,2023-09-02,4795,2256,2539
석천사거리,2023-09-02,6691,3543,3148
모래내시장,2023-09-02,13376,6559,6817
만수,2023-09-02,7977,4075,3902
남동구청,2023-09-02,5930,3128,2802
인천대공원,2023-09-02,7162,3585,3577
운연(서창),2023-09-02,1881,971,910
검단오류(검단산업단지),2023-09-03,1643,805,838
왕길,2023-09-03,2073,1045,1028
검단사거리,2023-09-03,9587,4840,4747
마전,2023-09-03,4100,2031,2069
완정,2023-09-03,7029,3601,3428
독정,2023-09-03,4193,2076,2117
검암,2023-09-03,3886,2028,1858
검바위,2023-09-03,2840,1311,1529
아시아드경기장(공촌사거리),2023-09-03,5061,2662,2399
서구청,2023-09-03,7657,3857,3800
가정(루원시티),2023-09-03,10180,5160,5020
가정중앙시장,2023-09-03,7261,3556,3705
석남(거북시장),2023-09-03,3319,1581,1738
서부여성회관,2023-09-03,4828,2433,2395
인천가좌,2023-09-03,3283,1651,1632
가재울,2023-09-03,3052,1526,1526
주안국가산단,2023-09-03,774,390,384
주안,2023-09-03,9343,3888,5455
시민공원(문화창작지대),2023-09-03,10423,5404,5019
석바위시장,2023-09-03,4743,2289,2454
인천시청,2023-09-03,3408,1578,1830
석천사거리,2023-09-03,4622,2434,2188
모래내시장,2023-09-03,9648,4769,4879
만수,2023-09-03,5700,2905,2795
남동구청,2023-09-03,4228,2163,2065
인천대공원,2023-09-03,5672,2826,2846
운연(서창),2023-09-03,1374,719,655
검단오류(검단산업단지),2023-09-04,5756,2788,2968
왕길,2023-09-04,5295,2690,2605
검단사거리,2023-09-04,16481,8709,7772
마전,2023-09-04,8847,4295,4552
완정,2023-09-04,15308,7892,7416
독정,2023-09-04,8792,4474,4318
검암,2023-09-04,7268,3937,3331
검바위,2023-09-04,7405,3569,3836
아시아드경기장(공촌사거리),2023-09-04,9763,5179,4584
서구청,2023-09-04,16797,8408,8389
가정(루원시티),2023-09-04,23182,11925,11257
가정중앙시장,2023-09-04,12243,5998,6245
석남(거북시장),2023-09-04,6406,3079,3327
서부여성회관,2023-09-04,8060,4117,3943
인천가좌,2023-09-04,8549,4304,4245
가재울,2023-09-04,7660,3891,3769
주안국가산단,2023-09-04,5701,2796,2905
주안,2023-09-04,16027,6836,9191
시민공원(문화창작지대),2023-09-04,19366,9922,9444
석바위시장,2023-09-04,8951,4358,4593
인천시청,2023-09-04,6567,3147,3420
석천사거리,2023-09-04,9310,4835,4475
모래내시장,2023-09-04,15592,7528,8064
만수,2023-09-04,10103,5234,4869
남동구청,2023-09-04,9008,4698,4310
인천대공원,2023-09-04,5053,2565,2488
운연(서창),2023-09-04,2533,1369,1164
검단오류(검단산업단지),2023-09-05,5920,2911,3009
왕길,2023-09-05,5250,2618,2632
검단사거리,2023-09-05,16574,8756,7818
마전,2023-09-05,9178,4477,4701
완정,2023-09-05,15640,8119,7521
독정,2023-09-05,9036,4470,4566
검암,2023-09-05,7456,4024,3432
검바위,2023-09-05,7552,3577,3975
아시아드경기장(공촌사거리),2023-09-05,9707,5154,4553
서구청,2023-09-05,16998,8499,8499
가정(루원시티),2023-09-05,23618,12112,11506
가정중앙시장,2023-09-05,11999,5766,6233
석남(거북시장),2023-09-05,6227,3013,3214
서부여성회관,2023-09-05,8103,4184,3919
인천가좌,2023-09-05,8661,4371,4290
가재울,2023-09-05,7748,3915,3833
주안국가산단,2023-09-05,5778,2831,2947
주안,2023-09-05,16015,6869,9146
시민공원(문화창작지대),2023-09-05,19722,10102,9620
석바위시장,2023-09-05,9050,4378,4672
인천시청,2023-09-05,6642,3155,3487
석천사거리,2023-09-05,9577,4962,4615
모래내시장,2023-09-05,15367,7434,7933
만수,2023-09-05,10056,5260,4796
남동구청,2023-09-05,9135,4766,4369
인천대공원,2023-09-05,5335,2695,2640
운연(서창),2023-09-05,2649,1424,1225
검단오류(검단산업단지),2023-09-06,6026,2960,3066
왕길,2023-09-06,5410,2711,2699
검단사거리,2023-09-06,16808,8845,7963
마전,2023-09-06,9114,4387,4727
완정,2023-09-06,15827,8177,7650
독정,2023-09-06,9185,4628,4557
검암,2023-09-06,7329,3949,3380
검바위,2023-09-06,7509,3591,3918
아시아드경기장(공촌사거리),2023-09-06,10035,5345,4690
서구청,2023-09-06,17697,8735,8962
가정(루원시티),2023-09-06,24005,12251,11754
가정중앙시장,2023-09-06,12331,5993,6338
석남(거북시장),2023-09-06,6362,3096,3266
서부여성회관,2023-09-06,8395,4271,4124
인천가좌,2023-09-06,8723,4428,4295
가재울,2023-09-06,7841,3967,3874
주안국가산단,2023-09-06,5836,2847,2989
주안,2023-09-06,16417,7058,9359
시민공원(문화창작지대),2023-09-06,20086,10327,9759
석바위시장,2023-09-06,9165,4431,4734
인천시청,2023-09-06,6853,3244,3609
석천사거리,2023-09-06,9732,5141,4591
모래내시장,2023-09-06,15656,7606,8050
만수,2023-09-06,10350,5355,4995
남동구청,2023-09-06,9410,4897,4513
인천대공원,2023-09-06,5085,2575,2510
운연(서창),2023-09-06,2596,1402,1194
검단오류(검단산업단지),2023-09-07,5922,2895,3027
왕길,2023-09-07,5435,2706,2729
검단사거리,2023-09-07,16816,8825,7991
마전,2023-09-07,9109,4444,4665
완정,2023-09-07,15609,8057,7552
독정,2023-09-07,9123,4586,4537
검암,2023-09-07,7535,4026,3509
검바위,2023-09-07,7454,3579,3875
아시아드경기장(공촌사거리),2023-09-07,9735,5115,4620
서구청,2023-09-07,17640,8746,8894
가정(루원시티),2023-09-07,24337,12438,11899
가정중앙시장,2023-09-07,12434,6064,6370
석남(거북시장),2023-09-07,6233,3015,3218
서부여성회관,2023-09-07,8612,4356,4256
인천가좌,2023-09-07,8708,4427,4281
가재울,2023-09-07,7829,3985,3844
주안국가산단,2023-09-07,5759,2791,2968
주안,2023-09-07,16557,7116,9441
시민공원(문화창작지대),2023-09-07,19906,10215,9691
석바위시장,2023-09-07,8777,4257,4520
인천시청,2023-09-07,6929,3269,3660
석천사거리,2023-09-07,9588,5015,4573
모래내시장,2023-09-07,15861,7709,8152
만수,2023-09-07,10382,5393,4989
남동구청,2023-09-07,9321,4872,4449
인천대공원,2023-09-07,5575,2812,2763
운연(서창),2023-09-07,2688,1440,1248
검단오류(검단산업단지),2023-09-08,5866,2879,2987
왕길,2023-09-08,5473,2763,2710
검단사거리,2023-09-08,17568,9246,8322
마전,2023-09-08,9241,4501,4740
완정,2023-09-08,15929,8210,7719
독정,2023-09-08,9167,4619,4548
검암,2023-09-08,7596,4112,3484
검바위,2023-09-08,7724,3737,3987
아시아드경기장(공촌사거리),2023-09-08,9774,5202,4572
서구청,2023-09-08,18252,8941,9311
가정(루원시티),2023-09-08,25039,12866,12173
가정중앙시장,2023-09-08,12987,6246,6741
석남(거북시장),2023-09-08,6537,3158,3379
서부여성회관,2023-09-08,8732,4461,4271
인천가좌,2023-09-08,8746,4476,4270
가재울,2023-09-08,8089,4084,4005
주안국가산단,2023-09-08,5790,2815,2975
주안,2023-09-08,16819,7114,9705
시민공원(문화창작지대),2023-09-08,19980,10312,9668
석바위시장,2023-09-08,9240,4521,4719
인천시청,2023-09-08,6697,3230,3467
석천사거리,2023-09-08,9707,5076,4631
모래내시장,2023-09-08,16562,8018,8544
만수,2023-09-08,10588,5467,5121
남동구청,2023-09-08,9265,4840,4425
인천대공원,2023-09-08,5605,2830,2775
운연(서창),2023-09-08,2573,1420,1153
검단오류(검단산업단지),2023-09-09,2151,1162,989
왕길,2023-09-09,3184,1638,1546
검단사거리,2023-09-09,13774,7144,6630
마전,2023-09-09,6286,3126,3160
완정,2023-09-09,10697,5576,5121
독정,2023-09-09,6232,3169,3063
검암,2023-09-09,5835,3079,2756
검바위,2023-09-09,3889,1921,1968
아시아드경기장(공촌사거리),2023-09-09,6910,3486,3424
서구청,2023-09-09,11829,5930,5899
가정(루원시티),2023-09-09,15207,7856,7351
가정중앙시장,2023-09-09,10336,5100,5236
석남(거북시장),2023-09-09,4726,2237,2489
서부여성회관,2023-09-09,6474,3283,3191
인천가좌,2023-09-09,4958,2528,2430
가재울,2023-09-09,4412,2235,2177
주안국가산단,2023-09-09,1641,803,838
주안,2023-09-09,13761,5653,8108
시민공원(문화창작지대),2023-09-09,13769,7076,6693
석바위시장,2023-09-09,6646,3252,3394
인천시청,2023-09-09,4656,2186,2470
석천사거리,2023-09-09,6672,3527,3145
모래내시장,2023-09-09,13141,6400,6741
만수,2023-09-09,7964,4111,3853
남동구청,2023-09-09,6496,3445,3051
인천대공원,2023-09-09,6968,3498,3470
운연(서창),2023-09-09,1839,958,881
검단오류(검단산업단지),2023-09-10,1544,766,778
왕길,2023-09-10,2109,1065,1044
검단사거리,2023-09-10,9856,4897,4959
마전,2023-09-10,4198,2102,2096
완정,2023-09-10,7297,3637,3660
독정,2023-09-10,3833,1892,1941
검암,2023-09-10,4094,2141,1953
검바위,2023-09-10,3040,1428,1612
아시아드경기장(공촌사거리),2023-09-10,5064,2628,2436
서구청,2023-09-10,7752,3962,3790
가정(루원시티),2023-09-10,10482,5354,5128
가정중앙시장,2023-09-10,7369,3568,3801
석남(거북시장),2023-09-10,3426,1607,1819
서부여성회관,2023-09-10,5013,2575,2438
인천가좌,2023-09-10,3284,1634,1650
가재울,2023-09-10,3426,1749,1677
주안국가산단,2023-09-10,736,370,366
주안,2023-09-10,9745,3933,5812
시민공원(문화창작지대),2023-09-10,10414,5356,5058
석바위시장,2023-09-10,5115,2474,2641
인천시청,2023-09-10,3708,1763,1945
석천사거리,2023-09-10,4542,2371,2171
모래내시장,2023-09-10,10019,4884,5135
만수,2023-09-10,5890,3007,2883
남동구청,2023-09-10,4296,2251,2045
인천대공원,2023-09-10,6378,3231,3147
운연(서창),2023-09-10,1475,769,706
검단오류(검단산업단지),2023-09-11,5838,2832,3006
왕길,2023-09-11,5401,2749,2652
검단사거리,2023-09-11,17142,9037,8105
마전,2023-09-11,9115,4468,4647
완정,2023-09-11,15889,8272,7617
독정,2023-09-11,9422,4767,4655
검암,2023-09-11,7479,4036,3443
검바위,2023-09-11,7501,3582,3919
아시아드경기장(공촌사거리),2023-09-11,9718,5153,4565
서구청,2023-09-11,17357,8668,8689
가정(루원시티),2023-09-11,23983,12341,11642
가정중앙시장,2023-09-11,12412,6048,6364
석남(거북시장),2023-09-11,6568,3174,3394
서부여성회관,2023-09-11,8358,4294,4064
인천가좌,2023-09-11,8725,4422,4303
가재울,2023-09-11,7940,4095,3845
주안국가산단,2023-09-11,5722,2778,2944
주안,2023-09-11,16233,6956,9277
시민공원(문화창작지대),2023-09-11,19798,10123,9675
석바위시장,2023-09-11,9103,4416,4687
인천시청,2023-09-11,6500,3093,3407
석천사거리,2023-09-11,9474,4958,4516
모래내시장,2023-09-11,15865,7728,8137
만수,2023-09-11,9974,5143,4831
남동구청,2023-09-11,9143,4808,4335
인천대공원,2023-09-11,5276,2664,2612
운연(서창),2023-09-11,2523,1365,1158
검단오류(검단산업단지),2023-09-12,5901,2910,2991
왕길,2023-09-12,5367,2711,2656
검단사거리,2023-09-12,16930,8869,8061
마전,2023-09-12,9125,4483,4642
완정,2023-09-12,15920,8187,7733
독정,2023-09-12,9388,4665,4723
검암,2023-09-12,7550,4126,3424
검바위,2023-09-12,7631,3690,3941
아시아드경기장(공촌사거리),2023-09-12,9810,5319,4491
서구청,2023-09-12,17242,8514,8728
가정(루원시티),2023-09-12,24067,12314,11753
가정중앙시장,2023-09-12,12724,6170,6554
석남(거북시장),2023-09-12,6422,3116,3306
서부여성회관,2023-09-12,8264,4201,4063
인천가좌,2023-09-12,8812,4473,4339
가재울,2023-09-12,8133,4116,4017
주안국가산단,2023-09-12,5842,2893,2949
주안,2023-09-12,16442,7065,9377
시민공원(문화창작지대),2023-09-12,20155,10363,9792
석바위시장,2023-09-12,9107,4411,4696
인천시청,2023-09-12,6840,3289,3551
석천사거리,2023-09-12,9725,5034,4691
모래내시장,2023-09-12,16128,7830,8298
만수,2023-09-12,10418,5396,5022
남동구청,2023-09-12,9284,4812,4472
인천대공원,2023-09-12,6018,3054,2964
운연(서창),2023-09-12,2605,1414,1191
검단오류(검단산업단지),2023-09-13,5761,2826,2935
왕길,2023-09-13,5317,2691,2626
검단사거리,2023-09-13,16084,8502,7582
마전,2023-09-13,8954,4343,4611
완정,2023-09-13,15524,8011,7513
독정,2023-09-13,8881,4469,4412
검암,2023-09-13,7191,3793,3398
검바위,2023-09-13,7389,3597,3792
아시아드경기장(공촌사거리),2023-09-13,9544,5143,4401
서구청,2023-09-13,17065,8352,8713
가정(루원시티),2023-09-13,23616,12041,11575
가정중앙시장,2023-09-13,11716,5730,5986
석남(거북시장),2023-09-13,6218,3013,3205
서부여성회관,2023-09-13,8195,4138,4057
인천가좌,2023-09-13,8554,4312,4242
가재울,2023-09-13,7857,3973,3884
주안국가산단,2023-09-13,5864,2881,2983
주안,2023-09-13,15800,6819,8981
시민공원(문화창작지대),2023-09-13,19755,10160,9595
석바위시장,2023-09-13,8842,4270,4572
인천시청,2023-09-13,6599,3136,3463
석천사거리,2023-09-13,9372,4827,4545
모래내시장,2023-09-13,14745,7299,7446
만수,2023-09-13,10099,5176,4923
남동구청,2023-09-13,9146,4773,4373
인천대공원,2023-09-13,4034,2009,2025
운연(서창),2023-09-13,2505,1370,1135
검단오류(검단산업단지),2023-09-14,5824,2845,2979
왕길,2023-09-14,5506,2769,2737
검단사거리,2023-09-14,16800,8805,7995
마전,2023-09-14,9121,4455,4666
완정,2023-09-14,15962,8260,7702
독정,2023-09-14,9432,4731,4701
검암,2023-09-14,7440,4029,3411
검바위,2023-09-14,7695,3717,3978
아시아드경기장(공촌사거리),2023-09-14,10013,5385,4628
서구청,2023-09-14,17493,8583,8910
가정(루원시티),2023-09-14,24268,12478,11790
가정중앙시장,2023-09-14,13033,6302,6731
석남(거북시장),2023-09-14,6553,3205,3348
서부여성회관,2023-09-14,8438,4260,4178
인천가좌,2023-09-14,8691,4424,4267
가재울,2023-09-14,8000,4077,3923
주안국가산단,2023-09-14,5844,2830,3014
주안,2023-09-14,16705,7233,9472
시민공원(문화창작지대),2023-09-14,20034,10240,9794
석바위시장,2023-09-14,9164,4466,4698
인천시청,2023-09-14,6713,3227,3486
석천사거리,2023-09-14,9597,4996,4601
모래내시장,2023-09-14,16401,8010,8391
만수,2023-09-14,10513,5453,5060
남동구청,2023-09-14,9478,4899,4579
인천대공원,2023-09-14,6055,3112,2943
운연(서창),2023-09-14,2606,1415,1191
검단오류(검단산업단지),2023-09-15,5764,2816,2948
왕길,2023-09-15,5452,2774,2678
검단사거리,2023-09-15,17409,9117,8292
마전,2023-09-15,9084,4492,4592
완정,2023-09-15,15949,8273,7676
독정,2023-09-15,9163,4615,4548
검암,2023-09-15,7504,4022,3482
검바위,2023-09-15,7567,3674,3893
아시아드경기장(공촌사거리),2023-09-15,9924,5361,4563
서구청,2023-09-15,17874,8735,9139
가정(루원시티),2023-09-15,24315,12372,11943
가정중앙시장,2023-09-15,12787,6154,6633
석남(거북시장),2023-09-15,6414,3096,3318
서부여성회관,2023-09-15,8655,4442,4213
인천가좌,2023-09-15,8470,4302,4168
가재울,2023-09-15,7948,4045,3903
주안국가산단,2023-09-15,5795,2813,2982
주안,2023-09-15,16932,7256,9676
시민공원(문화창작지대),2023-09-15,19901,10265,9636
석바위시장,2023-09-15,9027,4382,4645
인천시청,2023-09-15,6759,3236,3523
석천사거리,2023-09-15,9618,5066,4552
모래내시장,2023-09-15,15918,7795,8123
만수,2023-09-15,10609,5451,5158
남동구청,2023-09-15,9437,4879,4558
인천대공원,2023-09-15,4310,2204,2106
운연(서창),2023-09-15,2563,1383,1180
검단오류(검단산업단지),2023-09-16,2212,1214,998
왕길,2023-09-16,3002,1541,1461
검단사거리,2023-09-16,12935,6700,6235
마전,2023-09-16,5917,2925,2992
완정,2023-09-16,10128,5234,4894
독정,2023-09-16,6169,3099,3070
검암,2023-09-16,5529,2896,2633
검바위,2023-09-16,3767,1798,1969
아시아드경기장(공촌사거리),2023-09-16,6961,3568,3393
서구청,2023-09-16,11065,5518,5547
가정(루원시티),2023-09-16,14752,7688,7064
가정중앙시장,2023-09-16,9928,4831,5097
석남(거북시장),2023-09-16,4379,2022,2357
서부여성회관,2023-09-16,6109,3124,2985
인천가좌,2023-09-16,4690,2368,2322
가재울,2023-09-16,4417,2220,2197
주안국가산단,2023-09-16,1697,838,859
주안,2023-09-16,12638,5097,7541
시민공원(문화창작지대),2023-09-16,13561,6965,6596
석바위시장,2023-09-16,6591,3203,3388
인천시청,2023-09-16,4403,2100,2303
석천사거리,2023-09-16,6275,3270,3005
모래내시장,2023-09-16,12833,6300,6533
만수,2023-09-16,7632,3948,3684
남동구청,2023-09-16,5630,2945,2685
인천대공원,2023-09-16,5776,2908,2868
운연(서창),2023-09-16,1708,916,792
검단오류(검단산업단지),2023-09-17,1503,739,764
왕길,2023-09-17,2132,1054,1078
검단사거리,2023-09-17,9944,5004,4940
마전,2023-09-17,4257,2096,2161
완정,2023-09-17,7097,3696,3401
독정,2023-09-17,4473,2220,2253
검암,2023-09-17,3928,2027,1901
검바위,2023-09-17,2783,1301,1482
아시아드경기장(공촌사거리),2023-09-17,5069,2628,2441
서구청,2023-09-17,7839,3994,3845
가정(루원시티),2023-09-17,10222,5256,4966
가정중앙시장,2023-09-17,7510,3696,3814
석남(거북시장),2023-09-17,3314,1527,1787
서부여성회관,2023-09-17,5068,2588,2480
인천가좌,2023-09-17,3226,1602,1624
가재울,2023-09-17,3366,1702,1664
주안국가산단,2023-09-17,847,405,442
주안,2023-09-17,9684,3969,5715
시민공원(문화창작지대),2023-09-17,10665,5446,5219
석바위시장,2023-09-17,5114,2473,2641
인천시청,2023-09-17,3610,1724,1886
석천사거리,2023-09-17,4883,2578,2305
모래내시장,2023-09-17,10248,5000,5248
만수,2023-09-17,6222,3193,3029
남동구청,2023-09-17,4304,2231,2073
인천대공원,2023-09-17,5764,2953,2811
운연(서창),2023-09-17,1368,707,661
검단오류(검단산업단지),2023-09-18,5892,2893,2999
왕길,2023-09-18,5368,2723,2645
검단사거리,2023-09-18,16812,8793,8019
마전,2023-09-18,9053,4421,4632
완정,2023-09-18,15646,8130,7516
독정,2023-09-18,9142,4595,4547
검암,2023-09-18,7511,4070,3441
검바위,2023-09-18,7431,3610,3821
아시아드경기장(공촌사거리),2023-09-18,9420,5049,4371
서구청,2023-09-18,17017,8521,8496
가정(루원시티),2023-09-18,23624,12147,11477
가정중앙시장,2023-09-18,12470,6029,6441
석남(거북시장),2023-09-18,6409,3099,3310
서부여성회관,2023-09-18,8187,4185,4002
인천가좌,2023-09-18,8784,4433,4351
가재울,2023-09-18,8038,4101,3937
주안국가산단,2023-09-18,5792,2812,2980
주안,2023-09-18,16520,7199,9321
시민공원(문화창작지대),2023-09-18,19908,10179,9729
석바위시장,2023-09-18,9185,4390,4795
인천시청,2023-09-18,6570,3142,3428
석천사거리,2023-09-18,9461,4891,4570
모래내시장,2023-09-18,16006,7784,8222
만수,2023-09-18,10140,5240,4900
남동구청,2023-09-18,9334,4910,4424
인천대공원,2023-09-18,5511,2778,2733
운연(서창),2023-09-18,2573,1414,1159
검단오류(검단산업단지),2023-09-19,6034,2966,3068
왕길,2023-09-19,5387,2698,2689
검단사거리,2023-09-19,16678,8770,7908
마전,2023-09-19,8907,4358,4549
완정,2023-09-19,15694,8118,7576
독정,2023-09-19,9634,4768,4866
검암,2023-09-19,7597,4099,3498
검바위,2023-09-19,7564,3663,3901
아시아드경기장(공촌사거리),2023-09-19,9837,5219,4618
서구청,2023-09-19,17272,8538,8734
가정(루원시티),2023-09-19,23866,12318,11548
가정중앙시장,2023-09-19,12757,6133,6624
석남(거북시장),2023-09-19,6536,3147,3389
서부여성회관,2023-09-19,8158,4190,3968
인천가좌,2023-09-19,8803,4447,4356
가재울,2023-09-19,8200,4199,4001
주안국가산단,2023-09-19,5878,2856,3022
주안,2023-09-19,16561,7143,9418
시민공원(문화창작지대),2023-09-19,20001,10299,9702
석바위시장,2023-09-19,9069,4380,4689
인천시청,2023-09-19,6730,3226,3504
석천사거리,2023-09-19,9742,5116,4626
모래내시장,2023-09-19,16147,7821,8326
만수,2023-09-19,10326,5358,4968
남동구청,2023-09-19,9496,4934,4562
인천대공원,2023-09-19,5805,2954,2851
운연(서창),2023-09-19,2709,1475,1234
검단오류(검단산업단지),2023-09-20,5751,2823,2928
왕길,2023-09-20,5211,2593,2618
검단사거리,2023-09-20,16070,8453,7617
마전,2023-09-20,8795,4313,4482
완정,2023-09-20,15395,8012,7383
독정,2023-09-20,8759,4382,4377
검암,2023-09-20,7182,3871,3311
검바위,2023-09-20,7289,3553,3736
아시아드경기장(공촌사거리),2023-09-20,9410,5022,4388
서구청,2023-09-20,16579,8219,8360
가정(루원시티),2023-09-20,23247,11899,11348
가정중앙시장,2023-09-20,11663,5663,6000
석남(거북시장),2023-09-20,6089,2933,3156
서부여성회관,2023-09-20,7819,3954,3865
인천가좌,2023-09-20,8399,4249,4150
가재울,2023-09-20,7724,3887,3837
주안국가산단,2023-09-20,5857,2896,2961
주안,2023-09-20,15429,6575,8854
시민공원(문화창작지대),2023-09-20,19130,9811,9319
석바위시장,2023-09-20,8479,4082,4397
인천시청,2023-09-20,6479,3143,3336
석천사거리,2023-09-20,9297,4789,4508
모래내시장,2023-09-20,14151,6862,7289
만수,2023-09-20,9753,5002,4751
남동구청,2023-09-20,9039,4730,4309
인천대공원,2023-09-20,3222,1638,1584
운연(서창),2023-09-20,2330,1245,1085
검단오류(검단산업단지),2023-09-21,6042,2970,3072
왕길,2023-09-21,5574,2795,2779
검단사거리,2023-09-21,17249,9021,8228
마전,2023-09-21,9182,4480,4702
완정,2023-09-21,16303,8447,7856
독정,2023-09-21,9676,4879,4797
검암,2023-09-21,7678,4198,3480
검바위,2023-09-21,7684,3676,4008
아시아드경기장(공촌사거리),2023-09-21,9870,5253,4617
서구청,2023-09-21,17851,8811,9040
가정(루원시티),2023-09-21,24333,12423,11910
가정중앙시장,2023-09-21,13242,6409,6833
석남(거북시장),2023-09-21,6596,3186,3410
서부여성회관,2023-09-21,8671,4427,4244
인천가좌,2023-09-21,8969,4585,4384
가재울,2023-09-21,8362,4265,4097
주안국가산단,2023-09-21,5936,2873,3063
주안,2023-09-21,17013,7319,9694
시민공원(문화창작지대),2023-09-21,20056,10360,9696
석바위시장,2023-09-21,9043,4327,4716
인천시청,2023-09-21,7079,3394,3685
석천사거리,2023-09-21,9733,5102,4631
모래내시장,2023-09-21,16823,8241,8582
만수,2023-09-21,10494,5376,5118
남동구청,2023-09-21,9921,5166,4755
인천대공원,2023-09-21,5982,3055,2927
운연(서창),2023-09-21,3007,1603,1404
검단오류(검단산업단지),2023-09-22,5946,2891,3055
왕길,2023-09-22,5642,2824,2818
검단사거리,2023-09-22,18326,9663,8663
마전,2023-09-22,9446,4623,4823
완정,2023-09-22,16669,8667,8002
독정,2023-09-22,9895,5067,4828
검암,2023-09-22,8118,4366,3752
검바위,2023-09-22,7646,3673,3973
아시아드경기장(공촌사거리),2023-09-22,10102,5402,4700
서구청,2023-09-22,18395,9064,9331
가정(루원시티),2023-09-22,25295,13017,12278
가정중앙시장,2023-09-22,13641,6615,7026
석남(거북시장),2023-09-22,6777,3232,3545
서부여성회관,2023-09-22,9126,4645,4481
인천가좌,2023-09-22,8844,4458,4386
가재울,2023-09-22,8460,4330,4130
주안국가산단,2023-09-22,5821,2830,2991
주안,2023-09-22,17493,7442,10051
시민공원(문화창작지대),2023-09-22,20196,10383,9813
석바위시장,2023-09-22,9434,4561,4873
인천시청,2023-09-22,7259,3452,3807
석천사거리,2023-09-22,9899,5207,4692
모래내시장,2023-09-22,17646,8566,9080
만수,2023-09-22,10975,5704,5271
남동구청,2023-09-22,10158,5289,4869
인천대공원,2023-09-22,5948,3043,2905
운연(서창),2023-09-22,2806,1508,1298
검단오류(검단산업단지),2023-09-23,2448,1295,1153
왕길,2023-09-23,3324,1702,1622
검단사거리,2023-09-23,13725,7054,6671
마전,2023-09-23,6133,3057,3076
완정,2023-09-23,11197,5888,5309
독정,2023-09-23,6636,3308,3328
검암,2023-09-23,6091,3218,2873
검바위,2023-09-23,4512,2199,2313
아시아드경기장(공촌사거리),2023-09-23,7196,3688,3508
서구청,2023-09-23,11463,5827,5636
가정(루원시티),2023-09-23,15518,8006,7512
가정중앙시장,2023-09-23,10901,5353,5548
석남(거북시장),2023-09-23,4925,2337,2588
서부여성회관,2023-09-23,6578,3363,3215
인천가좌,2023-09-23,5188,2642,2546
가재울,2023-09-23,4796,2432,2364
주안국가산단,2023-09-23,1858,877,981
주안,2023-09-23,13519,5485,8034
시민공원(문화창작지대),2023-09-23,14094,7246,6848
석바위시장,2023-09-23,6497,3145,3352
인천시청,2023-09-23,5000,2313,2687
석천사거리,2023-09-23,6724,3560,3164
모래내시장,2023-09-23,14353,6951,7402
만수,2023-09-23,7881,4112,3769
남동구청,2023-09-23,6089,3239,2850
인천대공원,2023-09-23,7133,3612,3521
운연(서창),2023-09-23,1797,957,840
검단오류(검단산업단지),2023-09-24,1531,729,802
왕길,2023-09-24,2164,1131,1033
검단사거리,2023-09-24,10318,5131,5187
마전,2023-09-24,4375,2144,2231
완정,2023-09-24,7275,3730,3545
독정,2023-09-24,4230,2136,2094
검암,2023-09-24,4272,2236,2036
검바위,2023-09-24,3013,1438,1575
아시아드경기장(공촌사거리),2023-09-24,5349,2799,2550
서구청,2023-09-24,7913,4007,3906
가정(루원시티),2023-09-24,10708,5454,5254
가정중앙시장,2023-09-24,8264,4090,4174
석남(거북시장),2023-09-24,3425,1619,1806
서부여성회관,2023-09-24,5081,2607,2474
인천가좌,2023-09-24,3404,1705,1699
가재울,2023-09-24,3489,1748,1741
주안국가산단,2023-09-24,815,399,416
주안,2023-09-24,9964,4118,5846
시민공원(문화창작지대),2023-09-24,10628,5457,5171
석바위시장,2023-09-24,5135,2504,2631
인천시청,2023-09-24,3725,1759,1966
석천사거리,2023-09-24,4827,2540,2287
모래내시장,2023-09-24,11015,5372,5643
만수,2023-09-24,6313,3213,3100
남동구청,2023-09-24,4482,2328,2154
인천대공원,2023-09-24,7344,3638,3706
운연(서창),2023-09-24,1500,802,698
검단오류(검단산업단지),2023-09-25,5791,2793,2998
왕길,2023-09-25,5538,2816,2722
검단사거리,2023-09-25,17143,9039,8104
마전,2023-09-25,8995,4380,4615
완정,2023-09-25,16191,8417,7774
독정,2023-09-25,9771,4839,4932
검암,2023-09-25,7580,4154,3426
검바위,2023-09-25,7531,3647,3884
아시아드경기장(공촌사거리),2023-09-25,9781,5211,4570
서구청,2023-09-25,17909,8937,8972
가정(루원시티),2023-09-25,23841,12375,11466
가정중앙시장,2023-09-25,13579,6621,6958
석남(거북시장),2023-09-25,6478,3123,3355
서부여성회관,2023-09-25,8067,4177,3890
인천가좌,2023-09-25,8569,4312,4257
가재울,2023-09-25,8138,4134,4004
주안국가산단,2023-09-25,5830,2881,2949
주안,2023-09-25,16382,7118,9264
시민공원(문화창작지대),2023-09-25,19774,10098,9676
석바위시장,2023-09-25,9429,4521,4908
인천시청,2023-09-25,6677,3183,3494
석천사거리,2023-09-25,9789,5071,4718
모래내시장,2023-09-25,17344,8443,8901
만수,2023-09-25,10349,5408,4941
남동구청,2023-09-25,9707,5093,4614
인천대공원,2023-09-25,4963,2526,2437
운연(서창),2023-09-25,2626,1391,1235
검단오류(검단산업단지),2023-09-26,5609,2743,2866
왕길,2023-09-26,5219,2617,2602
검단사거리,2023-09-26,16302,8525,7777
마전,2023-09-26,8874,4292,4582
완정,2023-09-26,15282,7936,7346
독정,2023-09-26,9113,4594,4519
검암,2023-09-26,7349,3925,3424
검바위,2023-09-26,7420,3591,3829
아시아드경기장(공촌사거리),2023-09-26,9387,4992,4395
서구청,2023-09-26,16739,8276,8463
가정(루원시티),2023-09-26,23156,11898,11258
가정중앙시장,2023-09-26,12828,6200,6628
석남(거북시장),2023-09-26,6066,2932,3134
서부여성회관,2023-09-26,7804,3994,3810
인천가좌,2023-09-26,8387,4222,4165
가재울,2023-09-26,7908,3942,3966
주안국가산단,2023-09-26,5825,2805,3020
주안,2023-09-26,15807,6824,8983
시민공원(문화창작지대),2023-09-26,18982,9732,9250
석바위시장,2023-09-26,8800,4263,4537
인천시청,2023-09-26,6644,3212,3432
석천사거리,2023-09-26,9344,4849,4495
모래내시장,2023-09-26,15419,7502,7917
만수,2023-09-26,9560,5000,4560
남동구청,2023-09-26,8975,4719,4256
인천대공원,2023-09-26,3125,1581,1544
운연(서창),2023-09-26,2320,1260,1060
검단오류(검단산업단지),2023-09-27,5293,2602,2691
왕길,2023-09-27,5184,2562,2622
검단사거리,2023-09-27,17812,9251,8561
마전,2023-09-27,8860,4307,4553
완정,2023-09-27,15834,8247,7587
독정,2023-09-27,9834,4954,4880
검암,2023-09-27,7416,4092,3324
검바위,2023-09-27,7620,3721,3899
아시아드경기장(공촌사거리),2023-09-27,9648,5164,4484
서구청,2023-09-27,17390,8574,8816
가정(루원시티),2023-09-27,23489,12058,11431
가정중앙시장,2023-09-27,15145,7284,7861
석남(거북시장),2023-09-27,6471,3097,3374
서부여성회관,2023-09-27,8461,4344,4117
인천가좌,2023-09-27,8444,4259,4185
가재울,2023-09-27,8054,4110,3944
주안국가산단,2023-09-27,5633,2725,2908
주안,2023-09-27,16795,7148,9647
시민공원(문화창작지대),2023-09-27,19775,10193,9582
석바위시장,2023-09-27,9124,4400,4724
인천시청,2023-09-27,6811,3242,3569
석천사거리,2023-09-27,9726,5033,4693
모래내시장,2023-09-27,18151,8694,9457
만수,2023-09-27,10360,5452,4908
남동구청,2023-09-27,9390,4939,4451
인천대공원,2023-09-27,4500,2275,2225
운연(서창),2023-09-27,2541,1382,1159
검단오류(검단산업단지),2023-09-28,1682,948,734
왕길,2023-09-28,1725,864,861
검단사거리,2023-09-28,9843,5069,4774
마전,2023-09-28,3748,1812,1936
완정,2023-09-28,6072,3175,2897
독정,2023-09-28,4484,2263,2221
검암,2023-09-28,3473,1828,1645
검바위,2023-09-28,2725,1351,1374
아시아드경기장(공촌사거리),2023-09-28,4552,2492,2060
서구청,2023-09-28,7025,3481,3544
가정(루원시티),2023-09-28,8322,4336,3986
가정중앙시장,2023-09-28,9446,4577,4869
석남(거북시장),2023-09-28,3021,1451,1570
서부여성회관,2023-09-28,4650,2400,2250
인천가좌,2023-09-28,3054,1527,1527
가재울,2023-09-28,2564,1298,1266
주안국가산단,2023-09-28,648,347,301
주안,2023-09-28,8681,3702,4979
시민공원(문화창작지대),2023-09-28,7792,3998,3794
석바위시장,2023-09-28,4171,1978,2193
인천시청,2023-09-28,2898,1373,1525
석천사거리,2023-09-28,3701,1911,1790
모래내시장,2023-09-28,11175,5376,5799
만수,2023-09-28,5132,2664,2468
남동구청,2023-09-28,3751,1942,1809
인천대공원,2023-09-28,4480,2216,2264
운연(서창),2023-09-28,1127,603,524
검단오류(검단산업단지),2023-09-29,1674,1008,666
왕길,2023-09-29,1220,636,584
검단사거리,2023-09-29,8504,4368,4136
마전,2023-09-29,2863,1407,1456
완정,2023-09-29,4653,2422,2231
독정,2023-09-29,3468,1765,1703
검암,2023-09-29,2865,1571,1294
검바위,2023-09-29,2116,1091,1025
아시아드경기장(공촌사거리),2023-09-29,3643,1957,1686
서구청,2023-09-29,5239,2614,2625
가정(루원시티),2023-09-29,6481,3386,3095
가정중앙시장,2023-09-29,5208,2570,2638
석남(거북시장),2023-09-29,2633,1245,1388
서부여성회관,2023-09-29,4128,2084,2044
인천가좌,2023-09-29,2812,1418,1394
가재울,2023-09-29,2329,1183,1146
주안국가산단,2023-09-29,379,193,186
주안,2023-09-29,8128,3298,4830
시민공원(문화창작지대),2023-09-29,6473,3316,3157
석바위시장,2023-09-29,2663,1323,1340
인천시청,2023-09-29,2128,931,1197
석천사거리,2023-09-29,3013,1565,1448
모래내시장,2023-09-29,5943,2894,3049
만수,2023-09-29,4301,2232,2069
남동구청,2023-09-29,2897,1481,1416
인천대공원,2023-09-29,5036,2564,2472
운연(서창),2023-09-29,1027,536,491
검단오류(검단산업단지),2023-09-30,1498,773,725
왕길,2023-09-30,1674,866,808
검단사거리,2023-09-30,9451,4667,4784
마전,2023-09-30,3436,1701,1735
완정,2023-09-30,5981,3076,2905
독정,2023-09-30,3798,1912,1886
검암,2023-09-30,3522,1948,1574
검바위,2023-09-30,2363,1165,1198
아시아드경기장(공촌사거리),2023-09-30,3956,2137,1819
서구청,2023-09-30,6448,3113,3335
가정(루원시티),2023-09-30,8289,4263,4026
가정중앙시장,2023-09-30,5823,2943,2880
석남(거북시장),2023-09-30,2989,1418,1571
서부여성회관,2023-09-30,4436,2252,2184
인천가좌,2023-09-30,2896,1517,1379
가재울,2023-09-30,2638,1346,1292
주안국가산단,2023-09-30,445,209,236
주안,2023-09-30,8552,3402,5150
시민공원(문화창작지대),2023-09-30,7681,4000,3681
석바위시장,2023-09-30,3142,1608,1534
인천시청,2023-09-30,2614,1240,1374
석천사거리,2023-09-30,3729,1986,1743
모래내시장,2023-09-30,7101,3487,3614
만수,2023-09-30,4799,2518,2281
남동구청,2023-09-30,3304,1721,1583
인천대공원,2023-09-30,5385,2682,2703
운연(서창),2023-09-30,1149,611,538
검단오류(검단산업단지),2023-10-01,1699,854,845
왕길,2023-10-01,2068,1077,991
검단사거리,2023-10-01,10575,5333,5242
마전,2023-10-01,4156,2116,2040
완정,2023-10-01,7287,3677,3610
독정,2023-10-01,4462,2217,2245
검암,2023-10-01,4350,2326,2024
검바위,2023-10-01,2904,1412,1492
아시아드경기장(공촌사거리),2023-10-01,4582,2475,2107
서구청,2023-10-01,7316,3604,3712
가정(루원시티),2023-10-01,10206,5244,4962
가정중앙시장,2023-10-01,6953,3425,3528
석남(거북시장),2023-10-01,3544,1695,1849
서부여성회관,2023-10-01,5155,2660,2495
인천가좌,2023-10-01,3406,1751,1655
가재울,2023-10-01,3420,1709,1711
주안국가산단,2023-10-01,566,288,278
주안,2023-10-01,9816,4032,5784
시민공원(문화창작지대),2023-10-01,10241,5156,5085
석바위시장,2023-10-01,4335,2103,2232
인천시청,2023-10-01,3333,1553,1780
석천사거리,2023-10-01,4634,2523,2111
모래내시장,2023-10-01,9747,4805,4942
만수,2023-10-01,5984,3041,2943
남동구청,2023-10-01,4133,2137,1996
인천대공원,2023-10-01,9512,4744,4768
운연(서창),2023-10-01,1506,792,714
검단오류(검단산업단지),2023-10-02,1768,872,896
왕길,2023-10-02,2410,1241,1169
검단사거리,2023-10-02,11873,5984,5889
마전,2023-10-02,4586,2286,2300
완정,2023-10-02,8672,4452,4220
독정,2023-10-02,5176,2589,2587
검암,2023-10-02,5075,2768,2307
검바위,2023-10-02,3193,1506,1687
아시아드경기장(공촌사거리),2023-10-02,5248,2823,2425
서구청,2023-10-02,9178,4599,4579
가정(루원시티),2023-10-02,11674,5977,5697
가정중앙시장,2023-10-02,8462,4197,4265
석남(거북시장),2023-10-02,4004,1875,2129
서부여성회관,2023-10-02,5160,2660,2500
인천가좌,2023-10-02,4416,2272,2144
가재울,2023-10-02,3871,1944,1927
주안국가산단,2023-10-02,1022,477,545
주안,2023-10-02,10687,4400,6287
시민공원(문화창작지대),2023-10-02,11915,6154,5761
석바위시장,2023-10-02,5214,2541,2673
인천시청,2023-10-02,3776,1771,2005
석천사거리,2023-10-02,5438,2911,2527
모래내시장,2023-10-02,11466,5671,5795
만수,2023-10-02,6742,3541,3201
남동구청,2023-10-02,4926,2551,2375
인천대공원,2023-10-02,9801,4864,4937
운연(서창),2023-10-02,1646,849,797
검단오류(검단산업단지),2023-10-03,1610,763,847
왕길,2023-10-03,2304,1173,1131
검단사거리,2023-10-03,9959,5030,4929
마전,2023-10-03,4207,2111,2096
완정,2023-10-03,7649,3895,3754
독정,2023-10-03,4595,2322,2273
검암,2023-10-03,4698,2468,2230
검바위,2023-10-03,2944,1403,1541
아시아드경기장(공촌사거리),2023-10-03,5001,2716,2285
서구청,2023-10-03,7982,3963,4019
가정(루원시티),2023-10-03,10506,5398,5108
가정중앙시장,2023-10-03,7546,3718,3828
석남(거북시장),2023-10-03,3670,1712,1958
서부여성회관,2023-10-03,4615,2372,2243
인천가좌,2023-10-03,3479,1744,1735
가재울,2023-10-03,3679,1895,1784
주안국가산단,2023-10-03,1140,537,603
주안,2023-10-03,9821,4140,5681
시민공원(문화창작지대),2023-10-03,10087,5179,4908
석바위시장,2023-10-03,4732,2326,2406
인천시청,2023-10-03,3428,1623,1805
석천사거리,2023-10-03,4910,2628,2282
모래내시장,2023-10-03,10730,5234,5496
만수,2023-10-03,6018,3095,2923
남동구청,2023-10-03,4644,2460,2184
인천대공원,2023-10-03,9524,4724,4800
운연(서창),2023-10-03,1481,773,708
검단오류(검단산업단지),2023-10-04,5788,2872,2916
왕길,2023-10-04,5347,2687,2660
검단사거리,2023-10-04,16684,8756,7928
마전,2023-10-04,8954,4374,4580
완정,2023-10-04,15920,8221,7699
독정,2023-10-04,9358,4734,4624
검암,2023-10-04,7748,4258,3490
검바위,2023-10-04,7382,3563,3819
아시아드경기장(공촌사거리),2023-10-04,9483,4979,4504
서구청,2023-10-04,16878,8379,8499
가정(루원시티),2023-10-04,23431,12009,11422
가정중앙시장,2023-10-04,12265,5977,6288
석남(거북시장),2023-10-04,6496,3142,3354
서부여성회관,2023-10-04,8114,4170,3944
인천가좌,2023-10-04,8584,4353,4231
가재울,2023-10-04,8235,4188,4047
주안국가산단,2023-10-04,5772,2830,2942
주안,2023-10-04,16107,6992,9115
시민공원(문화창작지대),2023-10-04,19889,10154,9735
석바위시장,2023-10-04,9098,4353,4745
인천시청,2023-10-04,6856,3299,3557
석천사거리,2023-10-04,9533,4939,4594
모래내시장,2023-10-04,15653,7589,8064
만수,2023-10-04,10305,5319,4986
남동구청,2023-10-04,9310,4840,4470
인천대공원,2023-10-04,5519,2797,2722
운연(서창),2023-10-04,2534,1340,1194
검단오류(검단산업단지),2023-10-05,5828,2871,2957
왕길,2023-10-05,5433,2742,2691
검단사거리,2023-10-05,16826,8792,8034
마전,2023-10-05,9085,4411,4674
완정,2023-10-05,16069,8298,7771
독정,2023-10-05,9409,4737,4672
검암,2023-10-05,8450,4642,3808
검바위,2023-10-05,7588,3658,3930
아시아드경기장(공촌사거리),2023-10-05,9815,5151,4664
서구청,2023-10-05,17423,8671,8752
가정(루원시티),2023-10-05,24298,12359,11939
가정중앙시장,2023-10-05,12754,6190,6564
석남(거북시장),2023-10-05,6357,3068,3289
서부여성회관,2023-10-05,8354,4269,4085
인천가좌,2023-10-05,8741,4444,4297
가재울,2023-10-05,8288,4254,4034
주안국가산단,2023-10-05,5842,2872,2970
주안,2023-10-05,16612,7139,9473
시민공원(문화창작지대),2023-10-05,19959,10207,9752
석바위시장,2023-10-05,9050,4381,4669
인천시청,2023-10-05,6968,3339,3629
석천사거리,2023-10-05,9750,5045,4705
모래내시장,2023-10-05,16174,7862,8312
만수,2023-10-05,10359,5374,4985
남동구청,2023-10-05,9675,5048,4627
인천대공원,2023-10-05,6013,3077,2936
운연(서창),2023-10-05,2697,1457,1240
검단오류(검단산업단지),2023-10-06,5876,2898,2978
왕길,2023-10-06,5436,2751,2685
검단사거리,2023-10-06,18220,9545,8675
마전,2023-10-06,9061,4482,4579
완정,2023-10-06,16463,8515,7948
독정,2023-10-06,9477,4784,4693
검암,2023-10-06,8579,4731,3848
검바위,2023-10-06,7560,3661,3899
아시아드경기장(공촌사거리),2023-10-06,9680,5163,4517
서구청,2023-10-06,18507,9114,9393
가정(루원시티),2023-10-06,24993,12792,12201
가정중앙시장,2023-10-06,13311,6522,6789
석남(거북시장),2023-10-06,6595,3141,3454
서부여성회관,2023-10-06,8870,4499,4371
인천가좌,2023-10-06,8912,4526,4386
가재울,2023-10-06,8616,4430,4186
주안국가산단,2023-10-06,5938,2907,3031
주안,2023-10-06,17186,7331,9855
시민공원(문화창작지대),2023-10-06,20314,10406,9908
석바위시장,2023-10-06,9255,4497,4758
인천시청,2023-10-06,7285,3472,3813
석천사거리,2023-10-06,9873,5154,4719
모래내시장,2023-10-06,17113,8339,8774
만수,2023-10-06,10902,5620,5282
남동구청,2023-10-06,9793,5191,4602
인천대공원,2023-10-06,6744,3409,3335
운연(서창),2023-10-06,2757,1475,1282
검단오류(검단산업단지),2023-10-07,2413,1280,1133
왕길,2023-10-07,3250,1670,1580
검단사거리,2023-10-07,13979,7222,6757
마전,2023-10-07,5903,2936,2967
완정,2023-10-07,10548,5508,5040
독정,2023-10-07,6194,3120,3074
검암,2023-10-07,6062,3201,2861
검바위,2023-10-07,3980,1994,1986
아시아드경기장(공촌사거리),2023-10-07,7138,3654,3484
서구청,2023-10-07,11153,5639,5514
가정(루원시티),2023-10-07,15199,7894,7305
가정중앙시장,2023-10-07,10113,5023,5090
석남(거북시장),2023-10-07,4947,2375,2572
서부여성회관,2023-10-07,6364,3277,3087
인천가좌,2023-10-07,5225,2671,2554
가재울,2023-10-07,4726,2412,2314
주안국가산단,2023-10-07,1675,820,855
주안,2023-10-07,13610,5584,8026
시민공원(문화창작지대),2023-10-07,14140,7246,6894
석바위시장,2023-10-07,6475,3154,3321
인천시청,2023-10-07,4856,2295,2561
석천사거리,2023-10-07,6335,3328,3007
모래내시장,2023-10-07,13810,6768,7042
만수,2023-10-07,7803,4090,3713
남동구청,2023-10-07,5866,3096,2770
인천대공원,2023-10-07,8016,3988,4028
운연(서창),2023-10-07,1782,953,829
검단오류(검단산업단지),2023-10-08,1519,780,739
왕길,2023-10-08,2152,1118,1034
검단사거리,2023-10-08,10183,5077,5106
마전,2023-10-08,4182,2017,2165
완정,2023-10-08,7685,3988,3697
독정,2023-10-08,4239,2142,2097
검암,2023-10-08,4477,2293,2184
검바위,2023-10-08,3071,1499,1572
아시아드경기장(공촌사거리),2023-10-08,5303,2747,2556
서구청,2023-10-08,8558,4234,4324
가정(루원시티),2023-10-08,10882,5493,5389
가정중앙시장,2023-10-08,7688,3825,3863
석남(거북시장),2023-10-08,3484,1687,1797
서부여성회관,2023-10-08,5213,2717,2496
인천가좌,2023-10-08,3564,1784,1780
가재울,2023-10-08,3580,1859,1721
주안국가산단,2023-10-08,736,377,359
주안,2023-10-08,10619,4342,6277
시민공원(문화창작지대),2023-10-08,10853,5544,5309
석바위시장,2023-10-08,5149,2573,2576
인천시청,2023-10-08,3762,1769,1993
석천사거리,2023-10-08,4887,2574,2313
모래내시장,2023-10-08,10546,5190,5356
만수,2023-10-08,6275,3236,3039
남동구청,2023-10-08,4641,2441,2200
인천대공원,2023-10-08,7580,3742,3838
운연(서창),2023-10-08,1447,765,682
검단오류(검단산업단지),2023-10-09,1868,889,979
왕길,2023-10-09,2366,1239,1127
검단사거리,2023-10-09,10189,5135,5054
마전,2023-10-09,4220,2046,2174
완정,2023-10-09,7726,3962,3764
독정,2023-10-09,4839,2427,2412
검암,2023-10-09,4650,2426,2224
검바위,2023-10-09,3086,1464,1622
아시아드경기장(공촌사거리),2023-10-09,5046,2677,2369
서구청,2023-10-09,8889,4478,4411
가정(루원시티),2023-10-09,10866,5547,5319
가정중앙시장,2023-10-09,8248,4039,4209
석남(거북시장),2023-10-09,3812,1828,1984
서부여성회관,2023-10-09,4712,2410,2302
인천가좌,2023-10-09,3734,1869,1865
가재울,2023-10-09,3901,1970,1931
주안국가산단,2023-10-09,1355,630,725
주안,2023-10-09,10097,4175,5922
시민공원(문화창작지대),2023-10-09,10752,5556,5196
석바위시장,2023-10-09,5193,2559,2634
인천시청,2023-10-09,3615,1714,1901
석천사거리,2023-10-09,4903,2569,2334
모래내시장,2023-10-09,11387,5512,5875
만수,2023-10-09,6129,3204,2925
남동구청,2023-10-09,4734,2463,2271
인천대공원,2023-10-09,8565,4259,4306
운연(서창),2023-10-09,1546,815,731
검단오류(검단산업단지),2023-10-10,5970,2941,3029
왕길,2023-10-10,5462,2747,2715
검단사거리,2023-10-10,17616,9284,8332
마전,2023-10-10,9175,4449,4726
완정,2023-10-10,16455,8576,7879
독정,2023-10-10,9825,4904,4921
검암,2023-10-10,8594,4706,3888
검바위,2023-10-10,7621,3634,3987
아시아드경기장(공촌사거리),2023-10-10,9708,5149,4559
서구청,2023-10-10,18133,9044,9089
가정(루원시티),2023-10-10,24693,12644,12049
가정중앙시장,2023-10-10,12784,6219,6565
석남(거북시장),2023-10-10,6330,3077,3253
서부여성회관,2023-10-10,8528,4373,4155
인천가좌,2023-10-10,8807,4445,4362
가재울,2023-10-10,8503,4284,4219
주안국가산단,2023-10-10,5900,2883,3017
주안,2023-10-10,16810,7197,9613
시민공원(문화창작지대),2023-10-10,20333,10427,9906
석바위시장,2023-10-10,9253,4523,4730
인천시청,2023-10-10,7092,3389,3703
석천사거리,2023-10-10,9922,5109,4813
모래내시장,2023-10-10,16551,8021,8530
만수,2023-10-10,10477,5455,5022
남동구청,2023-10-10,10280,5331,4949
인천대공원,2023-10-10,6308,3185,3123
운연(서창),2023-10-10,2661,1406,1255
검단오류(검단산업단지),2023-10-11,6162,3054,3108
왕길,2023-10-11,5625,2819,2806
검단사거리,2023-10-11,17684,9168,8516
마전,2023-10-11,9220,4516,4704
완정,2023-10-11,16575,8599,7976
독정,2023-10-11,9841,4945,4896
검암,2023-10-11,8719,4769,3950
검바위,2023-10-11,7561,3622,3939
아시아드경기장(공촌사거리),2023-10-11,10167,5369,4798
서구청,2023-10-11,18019,8948,9071
가정(루원시티),2023-10-11,25086,12881,12205
가정중앙시장,2023-10-11,12924,6312,6612
석남(거북시장),2023-10-11,6532,3193,3339
서부여성회관,2023-10-11,8660,4417,4243
인천가좌,2023-10-11,9061,4580,4481
가재울,2023-10-11,8718,4396,4322
주안국가산단,2023-10-11,6091,2989,3102
주안,2023-10-11,16838,7303,9535
시민공원(문화창작지대),2023-10-11,20384,10429,9955
석바위시장,2023-10-11,9182,4397,4785
인천시청,2023-10-11,7115,3391,3724
석천사거리,2023-10-11,9958,5158,4800
모래내시장,2023-10-11,16499,8068,8431
만수,2023-10-11,10527,5411,5116
남동구청,2023-10-11,9955,5185,4770
인천대공원,2023-10-11,5907,3014,2893
운연(서창),2023-10-11,2727,1478,1249
검단오류(검단산업단지),2023-10-12,6078,2999,3079
왕길,2023-10-12,5400,2713,2687
검단사거리,2023-10-12,17293,9088,8205
마전,2023-10-12,9039,4395,4644
완정,2023-10-12,16269,8365,7904
독정,2023-10-12,9668,4844,4824
검암,2023-10-12,8732,4748,3984
검바위,2023-10-12,7461,3588,3873
아시아드경기장(공촌사거리),2023-10-12,9921,5268,4653
서구청,2023-10-12,17354,8558,8796
가정(루원시티),2023-10-12,24708,12660,12048
가정중앙시장,2023-10-12,13059,6303,6756
석남(거북시장),2023-10-12,6336,3077,3259
서부여성회관,2023-10-12,8648,4375,4273
인천가좌,2023-10-12,9164,4677,4487
가재울,2023-10-12,8524,4316,4208
주안국가산단,2023-10-12,6040,2959,3081
주안,2023-10-12,16860,7366,9494
시민공원(문화창작지대),2023-10-12,20268,10353,9915
석바위시장,2023-10-12,9156,4399,4757
인천시청,2023-10-12,7217,3474,3743
석천사거리,2023-10-12,9895,5130,4765
모래내시장,2023-10-12,16472,8047,8425
만수,2023-10-12,10735,5552,5183
남동구청,2023-10-12,9712,5074,4638
인천대공원,2023-10-12,6723,3397,3326
운연(서창),2023-10-12,2792,1520,1272
검단오류(검단산업단지),2023-10-13,6027,2976,3051
왕길,2023-10-13,5491,2753,2738
검단사거리,2023-10-13,18144,9470,8674
마전,2023-10-13,9228,4555,4673
완정,2023-10-13,16656,8627,8029
독정,2023-10-13,9912,5009,4903
검암,2023-10-13,9007,4907,4100
검바위,2023-10-13,7672,3764,3908
아시아드경기장(공촌사거리),2023-10-13,10060,5419,4641
서구청,2023-10-13,18348,9086,9262
가정(루원시티),2023-10-13,25603,13101,12502
가정중앙시장,2023-10-13,13513,6599,6914
석남(거북시장),2023-10-13,6583,3199,3384
서부여성회관,2023-10-13,8892,4541,4351
인천가좌,2023-10-13,9007,4596,4411
가재울,2023-10-13,9002,4601,4401
주안국가산단,2023-10-13,6020,2952,3068
주안,2023-10-13,17680,7498,10182
시민공원(문화창작지대),2023-10-13,20475,10535,9940
석바위시장,2023-10-13,9376,4500,4876
인천시청,2023-10-13,7309,3468,3841
석천사거리,2023-10-13,10072,5261,4811
모래내시장,2023-10-13,17130,8354,8776
만수,2023-10-13,11100,5706,5394
남동구청,2023-10-13,10145,5344,4801
인천대공원,2023-10-13,6220,3151,3069
운연(서창),2023-10-13,2786,1519,1267
검단오류(검단산업단지),2023-10-14,2080,1128,952
왕길,2023-10-14,3179,1615,1564
검단사거리,2023-10-14,12767,6597,6170
마전,2023-10-14,5597,2791,2806
완정,2023-10-14,10737,5600,5137
독정,2023-10-14,5978,2985,2993
검암,2023-10-14,5521,2958,2563
검바위,2023-10-14,3780,1889,1891
아시아드경기장(공촌사거리),2023-10-14,6797,3480,3317
서구청,2023-10-14,11418,5733,5685
가정(루원시티),2023-10-14,14711,7566,7145
가정중앙시장,2023-10-14,9629,4696,4933
석남(거북시장),2023-10-14,4719,2237,2482
서부여성회관,2023-10-14,6077,3115,2962
인천가좌,2023-10-14,4827,2468,2359
가재울,2023-10-14,4610,2340,2270
주안국가산단,2023-10-14,1649,803,846
주안,2023-10-14,13655,5594,8061
시민공원(문화창작지대),2023-10-14,13346,6863,6483
석바위시장,2023-10-14,6174,2977,3197
인천시청,2023-10-14,4571,2175,2396
석천사거리,2023-10-14,6224,3296,2928
모래내시장,2023-10-14,12168,5967,6201
만수,2023-10-14,7641,3900,3741
남동구청,2023-10-14,5725,3025,2700
인천대공원,2023-10-14,4518,2214,2304
운연(서창),2023-10-14,1723,902,821
검단오류(검단산업단지),2023-10-15,1555,748,807
왕길,2023-10-15,2084,1060,1024
검단사거리,2023-10-15,10459,5272,5187
마전,2023-10-15,4319,2072,2247
완정,2023-10-15,7532,3833,3699
독정,2023-10-15,4727,2396,2331
검암,2023-10-15,4693,2408,2285
검바위,2023-10-15,3091,1489,1602
아시아드경기장(공촌사거리),2023-10-15,5730,2940,2790
서구청,2023-10-15,8452,4288,4164
가정(루원시티),2023-10-15,10973,5578,5395
가정중앙시장,2023-10-15,7694,3786,3908
석남(거북시장),2023-10-15,3676,1734,1942
서부여성회관,2023-10-15,5327,2745,2582
인천가좌,2023-10-15,3752,1875,1877
가재울,2023-10-15,3759,1899,1860
주안국가산단,2023-10-15,816,398,418
주안,2023-10-15,10347,4295,6052
시민공원(문화창작지대),2023-10-15,11331,5820,5511
석바위시장,2023-10-15,5295,2552,2743
인천시청,2023-10-15,4107,1941,2166
석천사거리,2023-10-15,4981,2602,2379
모래내시장,2023-10-15,10995,5364,5631
만수,2023-10-15,6406,3267,3139
남동구청,2023-10-15,4714,2475,2239
인천대공원,2023-10-15,8834,4375,4459
운연(서창),2023-10-15,1577,854,723
검단오류(검단산업단지),2023-10-16,5829,2849,2980
왕길,2023-10-16,5478,2761,2717
검단사거리,2023-10-16,17073,8965,8108
마전,2023-10-16,8953,4356,4597
완정,2023-10-16,16140,8347,7793
독정,2023-10-16,9611,4839,4772
검암,2023-10-16,8521,4671,3850
검바위,2023-10-16,7575,3651,3924
아시아드경기장(공촌사거리),2023-10-16,9971,5256,4715
서구청,2023-10-16,17681,8814,8867
가정(루원시티),2023-10-16,24559,12559,12000
가정중앙시장,2023-10-16,12693,6229,6464
석남(거북시장),2023-10-16,6353,3069,3284
서부여성회관,2023-10-16,8518,4366,4152
인천가좌,2023-10-16,9005,4562,4443
가재울,2023-10-16,8551,4366,4185
주안국가산단,2023-10-16,5871,2869,3002
주안,2023-10-16,16525,7170,9355
시민공원(문화창작지대),2023-10-16,19951,10244,9707
석바위시장,2023-10-16,9195,4453,4742
인천시청,2023-10-16,7016,3319,3697
석천사거리,2023-10-16,9695,5040,4655
모래내시장,2023-10-16,16403,7953,8450
만수,2023-10-16,10313,5326,4987
남동구청,2023-10-16,9521,4935,4586
인천대공원,2023-10-16,6141,3095,3046
운연(서창),2023-10-16,2676,1425,1251
검단오류(검단산업단지),2023-10-17,6038,3004,3034
왕길,2023-10-17,5530,2775,2755
검단사거리,2023-10-17,17401,9187,8214
마전,2023-10-17,9158,4470,4688
완정,2023-10-17,16611,8593,8018
독정,2023-10-17,9684,4830,4854
검암,2023-10-17,8980,4887,4093
검바위,2023-10-17,7683,3719,3964
아시아드경기장(공촌사거리),2023-10-17,10066,5333,4733
서구청,2023-10-17,17927,8930,8997
가정(루원시티),2023-10-17,25074,12727,12347
가정중앙시장,2023-10-17,13066,6370,6696
석남(거북시장),2023-10-17,6379,3111,3268
서부여성회관,2023-10-17,8633,4411,4222
인천가좌,2023-10-17,8998,4494,4504
가재울,2023-10-17,8643,4411,4232
주안국가산단,2023-10-17,6031,2961,3070
주안,2023-10-17,16735,7321,9414
시민공원(문화창작지대),2023-10-17,20367,10538,9829
석바위시장,2023-10-17,9172,4432,4740
인천시청,2023-10-17,7284,3477,3807
석천사거리,2023-10-17,10402,5438,4964
모래내시장,2023-10-17,16364,7974,8390
만수,2023-10-17,10508,5423,5085
남동구청,2023-10-17,9809,5143,4666
인천대공원,2023-10-17,6715,3406,3309
운연(서창),2023-10-17,2858,1519,1339
검단오류(검단산업단지),2023-10-18,6096,3043,3053
왕길,2023-10-18,5668,2866,2802
검단사거리,2023-10-18,17537,9245,8292
마전,2023-10-18,9136,4422,4714
완정,2023-10-18,16520,8516,8004
독정,2023-10-18,9849,4954,4895
검암,2023-10-18,8977,4882,4095
검바위,2023-10-18,7742,3747,3995
아시아드경기장(공촌사거리),2023-10-18,10261,5439,4822
서구청,2023-10-18,17900,8915,8985
가정(루원시티),2023-10-18,24888,12669,12219
가정중앙시장,2023-10-18,13006,6330,6676
석남(거북시장),2023-10-18,6349,3068,3281
서부여성회관,2023-10-18,8625,4426,4199
인천가좌,2023-10-18,9031,4557,4474
가재울,2023-10-18,8755,4434,4321
주안국가산단,2023-10-18,6062,2967,3095
주안,2023-10-18,16618,7150,9468
시민공원(문화창작지대),2023-10-18,20480,10428,10052
석바위시장,2023-10-18,9251,4512,4739
인천시청,2023-10-18,7289,3502,3787
석천사거리,2023-10-18,10014,5178,4836
모래내시장,2023-10-18,16729,8110,8619
만수,2023-10-18,10740,5584,5156
남동구청,2023-10-18,9729,5105,4624
인천대공원,2023-10-18,6250,3144,3106
운연(서창),2023-10-18,2740,1440,1300
검단오류(검단산업단지),2023-10-19,5791,2871,2920
왕길,2023-10-19,5364,2687,2677
검단사거리,2023-10-19,16687,8665,8022
마전,2023-10-19,8952,4359,4593
완정,2023-10-19,15908,8188,7720
독정,2023-10-19,9281,4641,4640
검암,2023-10-19,8646,4820,3826
검바위,2023-10-19,7519,3618,3901
아시아드경기장(공촌사거리),2023-10-19,9604,5153,4451
서구청,2023-10-19,16911,8311,8600
가정(루원시티),2023-10-19,24092,12310,11782
가정중앙시장,2023-10-19,12296,6015,6281
석남(거북시장),2023-10-19,6118,2931,3187
서부여성회관,2023-10-19,8315,4234,4081
인천가좌,2023-10-19,8878,4488,4390
가재울,2023-10-19,8257,4187,4070
주안국가산단,2023-10-19,6084,2926,3158
주안,2023-10-19,16043,6980,9063
시민공원(문화창작지대),2023-10-19,19587,10043,9544
석바위시장,2023-10-19,8389,4057,4332
인천시청,2023-10-19,6796,3212,3584
석천사거리,2023-10-19,9331,4806,4525
모래내시장,2023-10-19,15020,7382,7638
만수,2023-10-19,9939,5137,4802
남동구청,2023-10-19,9014,4697,4317
인천대공원,2023-10-19,4132,2086,2046
운연(서창),2023-10-19,2508,1341,1167
검단오류(검단산업단지),2023-10-20,5940,2934,3006
왕길,2023-10-20,5441,2759,2682
검단사거리,2023-10-20,18244,9563,8681
마전,2023-10-20,9219,4556,4663
완정,2023-10-20,17301,9009,8292
독정,2023-10-20,9841,4855,4986
검암,2023-10-20,9404,5190,4214
검바위,2023-10-20,6732,3264,3468
아시아드경기장(공촌사거리),2023-10-20,9930,5246,4684
서구청,2023-10-20,18586,9193,9393
가정(루원시티),2023-10-20,25552,13051,12501
가정중앙시장,2023-10-20,13529,6556,6973
석남(거북시장),2023-10-20,6725,3282,3443
서부여성회관,2023-10-20,8807,4507,4300
인천가좌,2023-10-20,8948,4491,4457
가재울,2023-10-20,8672,4426,4246
주안국가산단,2023-10-20,5886,2906,2980
주안,2023-10-20,17304,7223,10081
시민공원(문화창작지대),2023-10-20,20366,10506,9860
석바위시장,2023-10-20,9930,4785,5145
인천시청,2023-10-20,7078,3379,3699
석천사거리,2023-10-20,10128,5282,4846
모래내시장,2023-10-20,16986,8246,8740
만수,2023-10-20,11063,5756,5307
남동구청,2023-10-20,9881,5182,4699
인천대공원,2023-10-20,6107,3047,3060
운연(서창),2023-10-20,2750,1480,1270
검단오류(검단산업단지),2023-10-21,2227,1184,1043
왕길,2023-10-21,3123,1618,1505
검단사거리,2023-10-21,14005,7276,6729
마전,2023-10-21,5960,2872,3088
완정,2023-10-21,10680,5651,5029
독정,2023-10-21,6338,3194,3144
검암,2023-10-21,6044,3152,2892
검바위,2023-10-21,3923,1938,1985
아시아드경기장(공촌사거리),2023-10-21,7064,3563,3501
서구청,2023-10-21,11531,5798,5733
가정(루원시티),2023-10-21,15547,7994,7553
가정중앙시장,2023-10-21,10438,5111,5327
석남(거북시장),2023-10-21,4997,2349,2648
서부여성회관,2023-10-21,6510,3390,3120
인천가좌,2023-10-21,5109,2590,2519
가재울,2023-10-21,4879,2514,2365
주안국가산단,2023-10-21,1596,777,819
주안,2023-10-21,14498,5878,8620
시민공원(문화창작지대),2023-10-21,14279,7364,6915
석바위시장,2023-10-21,6979,3364,3615
인천시청,2023-10-21,5098,2334,2764
석천사거리,2023-10-21,6946,3618,3328
모래내시장,2023-10-21,13458,6692,6766
만수,2023-10-21,8091,4164,3927
남동구청,2023-10-21,6427,3333,3094
인천대공원,2023-10-21,7922,3960,3962
운연(서창),2023-10-21,1904,981,923
검단오류(검단산업단지),2023-10-22,1622,800,822
왕길,2023-10-22,2190,1094,1096
검단사거리,2023-10-22,10575,5287,5288
마전,2023-10-22,4087,1999,2088
완정,2023-10-22,7317,3692,3625
독정,2023-10-22,4156,2081,2075
검암,2023-10-22,4483,2364,2119
검바위,2023-10-22,3024,1439,1585
아시아드경기장(공촌사거리),2023-10-22,5555,2870,2685
서구청,2023-10-22,8400,4233,4167
가정(루원시티),2023-10-22,11449,5882,5567
가정중앙시장,2023-10-22,7790,3830,3960
석남(거북시장),2023-10-22,3599,1686,1913
서부여성회관,2023-10-22,5123,2677,2446
인천가좌,2023-10-22,3537,1773,1764
가재울,2023-10-22,3788,1926,1862
주안국가산단,2023-10-22,798,387,411
주안,2023-10-22,10783,4367,6416
시민공원(문화창작지대),2023-10-22,11204,5762,5442
석바위시장,2023-10-22,5522,2670,2852
인천시청,2023-10-22,4022,1935,2087
석천사거리,2023-10-22,5305,2768,2537
모래내시장,2023-10-22,10759,5234,5525
만수,2023-10-22,6127,3148,2979
남동구청,2023-10-22,4742,2504,2238
인천대공원,2023-10-22,8834,4418,4416
운연(서창),2023-10-22,1597,800,797
검단오류(검단산업단지),2023-10-23,5991,2938,3053
왕길,2023-10-23,5414,2745,2669
검단사거리,2023-10-23,16976,8917,8059
마전,2023-10-23,8895,4266,4629
완정,2023-10-23,15770,8171,7599
독정,2023-10-23,9645,4822,4823
검암,2023-10-23,8581,4749,3832
검바위,2023-10-23,6900,3293,3607
아시아드경기장(공촌사거리),2023-10-23,9642,5124,4518
서구청,2023-10-23,17456,8637,8819
가정(루원시티),2023-10-23,24522,12581,11941
가정중앙시장,2023-10-23,12717,6208,6509
석남(거북시장),2023-10-23,6294,3018,3276
서부여성회관,2023-10-23,8463,4318,4145
인천가좌,2023-10-23,8816,4478,4338
가재울,2023-10-23,8547,4391,4156
주안국가산단,2023-10-23,5999,2956,3043
주안,2023-10-23,16640,7263,9377
시민공원(문화창작지대),2023-10-23,19861,10184,9677
석바위시장,2023-10-23,9211,4490,4721
인천시청,2023-10-23,6985,3337,3648
석천사거리,2023-10-23,9797,5089,4708
모래내시장,2023-10-23,16381,7975,8406
만수,2023-10-23,10348,5317,5031
남동구청,2023-10-23,9564,4966,4598
인천대공원,2023-10-23,6439,3235,3204
운연(서창),2023-10-23,2684,1441,1243
검단오류(검단산업단지),2023-10-24,6113,3010,3103
왕길,2023-10-24,5487,2787,2700
검단사거리,2023-10-24,16821,8790,8031
마전,2023-10-24,8948,4353,4595
완정,2023-10-24,15821,8165,7656
독정,2023-10-24,9568,4809,4759
검암,2023-10-24,8665,4752,3913
검바위,2023-10-24,7450,3580,3870
아시아드경기장(공촌사거리),2023-10-24,9584,5068,4516
서구청,2023-10-24,17595,8664,8931
가정(루원시티),2023-10-24,24721,12633,12088
가정중앙시장,2023-10-24,12643,6188,6455
석남(거북시장),2023-10-24,6126,2998,3128
서부여성회관,2023-10-24,8341,4289,4052
인천가좌,2023-10-24,8769,4425,4344
가재울,2023-10-24,8744,4484,4260
주안국가산단,2023-10-24,6015,2941,3074
주안,2023-10-24,16405,7146,9259
시민공원(문화창작지대),2023-10-24,20230,10387,9843
석바위시장,2023-10-24,9087,4386,4701
인천시청,2023-10-24,7031,3349,3682
석천사거리,2023-10-24,9723,5040,4683
모래내시장,2023-10-24,16282,7906,8376
만수,2023-10-24,10248,5323,4925
남동구청,2023-10-24,9524,4911,4613
인천대공원,2023-10-24,6269,3169,3100
운연(서창),2023-10-24,2797,1507,1290
검단오류(검단산업단지),2023-10-25,6200,3089,3111
왕길,2023-10-25,5474,2755,2719
검단사거리,2023-10-25,17664,9321,8343
마전,2023-10-25,9012,4444,4568
완정,2023-10-25,16419,8442,7977
독정,2023-10-25,10202,5102,5100
검암,2023-10-25,8835,4829,4006
검바위,2023-10-25,7745,3748,3997
아시아드경기장(공촌사거리),2023-10-25,9779,5169,4610
서구청,2023-10-25,17774,8740,9034
가정(루원시티),2023-10-25,25535,13158,12377
가정중앙시장,2023-10-25,13032,6316,6716
석남(거북시장),2023-10-25,6549,3121,3428
서부여성회관,2023-10-25,8690,4424,4266
인천가좌,2023-10-25,9109,4601,4508
가재울,2023-10-25,8897,4526,4371
주안국가산단,2023-10-25,6098,2950,3148
주안,2023-10-25,17037,7295,9742
시민공원(문화창작지대),2023-10-25,20716,10646,10070
석바위시장,2023-10-25,9390,4476,4914
인천시청,2023-10-25,7595,3646,3949
석천사거리,2023-10-25,10075,5203,4872
모래내시장,2023-10-25,16756,8192,8564
만수,2023-10-25,10643,5478,5165
남동구청,2023-10-25,9952,5200,4752
인천대공원,2023-10-25,6797,3407,3390
운연(서창),2023-10-25,2861,1551,1310
검단오류(검단산업단지),2023-10-26,6089,2971,3118
왕길,2023-10-26,5391,2716,2675
검단사거리,2023-10-26,17174,8982,8192
마전,2023-10-26,8955,4358,4597
완정,2023-10-26,15932,8139,7793
독정,2023-10-26,9674,4827,4847
검암,2023-10-26,8583,4682,3901
검바위,2023-10-26,7311,3528,3783
아시아드경기장(공촌사거리),2023-10-26,9532,5160,4372
서구청,2023-10-26,17348,8656,8692
가정(루원시티),2023-10-26,24624,12556,12068
가정중앙시장,2023-10-26,12724,6206,6518
석남(거북시장),2023-10-26,6345,3032,3313
서부여성회관,2023-10-26,8457,4323,4134
인천가좌,2023-10-26,8960,4524,4436
가재울,2023-10-26,8438,4284,4154
주안국가산단,2023-10-26,5996,2919,3077
주안,2023-10-26,16606,7125,9481
시민공원(문화창작지대),2023-10-26,20367,10380,9987
석바위시장,2023-10-26,9128,4373,4755
인천시청,2023-10-26,7043,3405,3638
석천사거리,2023-10-26,9706,5035,4671
모래내시장,2023-10-26,16199,7871,8328
만수,2023-10-26,10258,5286,4972
남동구청,2023-10-26,9557,5004,4553
인천대공원,2023-10-26,6393,3224,3169
운연(서창),2023-10-26,2711,1481,1230
검단오류(검단산업단지),2023-10-27,5924,2924,3000
왕길,2023-10-27,5551,2786,2765
검단사거리,2023-10-27,18577,9717,8860
마전,2023-10-27,9284,4562,4722
완정,2023-10-27,16458,8518,7940
독정,2023-10-27,9597,4783,4814
검암,2023-10-27,8938,4898,4040
검바위,2023-10-27,7580,3752,3828
아시아드경기장(공촌사거리),2023-10-27,12376,6625,5751
서구청,2023-10-27,22499,11154,11345
가정(루원시티),2023-10-27,26010,13272,12738
가정중앙시장,2023-10-27,13349,6452,6897
석남(거북시장),2023-10-27,6923,3376,3547
서부여성회관,2023-10-27,8945,4561,4384
인천가좌,2023-10-27,9385,4829,4556
가재울,2023-10-27,8807,4505,4302
주안국가산단,2023-10-27,5962,2908,3054
주안,2023-10-27,17620,7432,10188
시민공원(문화창작지대),2023-10-27,20755,10635,10120
석바위시장,2023-10-27,9377,4484,4893
인천시청,2023-10-27,7431,3554,3877
석천사거리,2023-10-27,9854,5120,4734
모래내시장,2023-10-27,17561,8437,9124
만수,2023-10-27,11012,5737,5275
남동구청,2023-10-27,10085,5261,4824
인천대공원,2023-10-27,7145,3616,3529
운연(서창),2023-10-27,2965,1598,1367
검단오류(검단산업단지),2023-10-28,2282,1244,1038
왕길,2023-10-28,3366,1726,1640
검단사거리,2023-10-28,14390,7486,6904
마전,2023-10-28,6181,3050,3131
완정,2023-10-28,11479,5965,5514
독정,2023-10-28,6900,3492,3408
검암,2023-10-28,6365,3381,2984
검바위,2023-10-28,4483,2244,2239
아시아드경기장(공촌사거리),2023-10-28,10166,5271,4895
서구청,2023-10-28,17404,8710,8694
가정(루원시티),2023-10-28,16495,8509,7986
가정중앙시장,2023-10-28,10543,5161,5382
석남(거북시장),2023-10-28,5008,2417,2591
서부여성회관,2023-10-28,6929,3578,3351
인천가좌,2023-10-28,5243,2721,2522
가재울,2023-10-28,5290,2677,2613
주안국가산단,2023-10-28,1554,755,799
주안,2023-10-28,15086,6151,8935
시민공원(문화창작지대),2023-10-28,14943,7749,7194
석바위시장,2023-10-28,6764,3280,3484
인천시청,2023-10-28,5666,2665,3001
석천사거리,2023-10-28,7171,3801,3370
모래내시장,2023-10-28,14127,6913,7214
만수,2023-10-28,8731,4517,4214
남동구청,2023-10-28,6813,3537,3276
인천대공원,2023-10-28,11503,5682,5821
운연(서창),2023-10-28,2199,1155,1044
검단오류(검단산업단지),2023-10-29,1721,830,891
왕길,2023-10-29,2191,1109,1082
검단사거리,2023-10-29,10345,5196,5149
마전,2023-10-29,4332,2165,2167
완정,2023-10-29,7597,3868,3729
독정,2023-10-29,4800,2384,2416
검암,2023-10-29,4674,2432,2242
검바위,2023-10-29,3187,1529,1658
아시아드경기장(공촌사거리),2023-10-29,5481,2838,2643
서구청,2023-10-29,8207,4156,4051
가정(루원시티),2023-10-29,11355,5751,5604
가정중앙시장,2023-10-29,7894,3815,4079
석남(거북시장),2023-10-29,3705,1694,2011
서부여성회관,2023-10-29,5309,2734,2575
인천가좌,2023-10-29,3570,1823,1747
가재울,2023-10-29,3826,1899,1927
주안국가산단,2023-10-29,801,386,415
주안,2023-10-29,10299,4174,6125
시민공원(문화창작지대),2023-10-29,11558,5923,5635
석바위시장,2023-10-29,5375,2593,2782
인천시청,2023-10-29,4056,1908,2148
석천사거리,2023-10-29,4997,2641,2356
모래내시장,2023-10-29,11183,5423,5760
만수,2023-10-29,6407,3273,3134
남동구청,2023-10-29,4741,2472,2269
인천대공원,2023-10-29,13142,6596,6546
운연(서창),2023-10-29,1572,845,727
검단오류(검단산업단지),2023-10-30,5923,2888,3035
왕길,2023-10-30,5359,2699,2660
검단사거리,2023-10-30,17110,8965,8145
마전,2023-10-30,8885,4391,4494
완정,2023-10-30,15645,8146,7499
독정,2023-10-30,9605,4873,4732
검암,2023-10-30,8455,4584,3871
검바위,2023-10-30,7246,3497,3749
아시아드경기장(공촌사거리),2023-10-30,9340,4926,4414
서구청,2023-10-30,17359,8645,8714
가정(루원시티),2023-10-30,24157,12335,11822
가정중앙시장,2023-10-30,12362,6029,6333
석남(거북시장),2023-10-30,6304,3026,3278
서부여성회관,2023-10-30,8433,4302,4131
인천가좌,2023-10-30,8882,4508,4374
가재울,2023-10-30,8537,4371,4166
주안국가산단,2023-10-30,5932,2893,3039
주안,2023-10-30,16604,7111,9493
시민공원(문화창작지대),2023-10-30,20137,10351,9786
석바위시장,2023-10-30,9186,4432,4754
인천시청,2023-10-30,6847,3297,3550
석천사거리,2023-10-30,9605,5024,4581
모래내시장,2023-10-30,16344,7946,8398
만수,2023-10-30,10265,5346,4919
남동구청,2023-10-30,9413,4920,4493
인천대공원,2023-10-30,7581,3789,3792
운연(서창),2023-10-30,2682,1452,1230
검단오류(검단산업단지),2023-10-31,6164,3021,3143
왕길,2023-10-31,5410,2667,2743
검단사거리,2023-10-31,17314,9131,8183
마전,2023-10-31,8912,4315,4597
완정,2023-10-31,15890,8248,7642
독정,2023-10-31,9802,4917,4885
검암,2023-10-31,8596,4659,3937
검바위,2023-10-31,7258,3515,3743
아시아드경기장(공촌사거리),2023-10-31,9566,5146,4420
서구청,2023-10-31,17596,8723,8873
가정(루원시티),2023-10-31,24807,12731,12076
가정중앙시장,2023-10-31,12795,6212,6583
석남(거북시장),2023-10-31,6207,3034,3173
서부여성회관,2023-10-31,8394,4306,4088
인천가좌,2023-10-31,8960,4509,4451
가재울,2023-10-31,8834,4547,4287
주안국가산단,2023-10-31,6008,2932,3076
주안,2023-10-31,16668,7130,9538
시민공원(문화창작지대),2023-10-31,20406,10477,9929
석바위시장,2023-10-31,9124,4370,4754
인천시청,2023-10-31,7079,3392,3687
석천사거리,2023-10-31,9866,5105,4761
모래내시장,2023-10-31,16476,8045,8431
만수,2023-10-31,10376,5324,5052
남동구청,2023-10-31,9758,5089,4669
인천대공원,2023-10-31,7624,3810,3814
운연(서창),2023-10-31,2767,1500,1267
검단오류(검단산업단지),2023-11-01,6176,3058,3118
왕길,2023-11-01,5370,2687,2683
검단사거리,2023-11-01,16781,8764,8017
마전,2023-11-01,8615,4202,4413
완정,2023-11-01,15789,8182,7607
독정,2023-11-01,9611,4825,4786
검암,2023-11-01,8518,4705,3813
검바위,2023-11-01,7399,3611,3788
아시아드경기장(공촌사거리),2023-11-01,9886,5257,4629
서구청,2023-11-01,17320,8598,8722
가정(루원시티),2023-11-01,24351,12372,11979
가정중앙시장,2023-11-01,12518,6111,6407
석남(거북시장),2023-11-01,6226,2995,3231
서부여성회관,2023-11-01,8520,4376,4144
인천가좌,2023-11-01,8779,4426,4353
가재울,2023-11-01,8412,4279,4133
주안국가산단,2023-11-01,5965,2885,3080
주안,2023-11-01,16578,7124,9454
시민공원(문화창작지대),2023-11-01,20266,10400,9866
석바위시장,2023-11-01,8955,4290,4665
인천시청,2023-11-01,6844,3300,3544
석천사거리,2023-11-01,9697,5096,4601
모래내시장,2023-11-01,15751,7652,8099
만수,2023-11-01,10470,5397,5073
남동구청,2023-11-01,9434,4927,4507
인천대공원,2023-11-01,5399,2679,2720
운연(서창),2023-11-01,2675,1419,1256
검단오류(검단산업단지),2023-11-02,6128,3039,3089
왕길,2023-11-02,5430,2689,2741
검단사거리,2023-11-02,17202,9009,8193
마전,2023-11-02,9083,4427,4656
완정,2023-11-02,16154,8314,7840
독정,2023-11-02,9867,4958,4909
검암,2023-11-02,8913,4891,4022
검바위,2023-11-02,7446,3593,3853
아시아드경기장(공촌사거리),2023-11-02,9720,5118,4602
서구청,2023-11-02,17450,8629,8821
가정(루원시티),2023-11-02,24827,12663,12164
가정중앙시장,2023-11-02,13034,6354,6680
석남(거북시장),2023-11-02,6173,2976,3197
서부여성회관,2023-11-02,8687,4367,4320
인천가좌,2023-11-02,8863,4492,4371
가재울,2023-11-02,8525,4333,4192
주안국가산단,2023-11-02,5865,2847,3018
주안,2023-11-02,16958,7312,9646
시민공원(문화창작지대),2023-11-02,20682,10631,10051
석바위시장,2023-11-02,8891,4327,4564
인천시청,2023-11-02,7220,3499,3721
석천사거리,2023-11-02,9798,5089,4709
모래내시장,2023-11-02,16652,8084,8568
만수,2023-11-02,10377,5350,5027
남동구청,2023-11-02,9777,5079,4698
인천대공원,2023-11-02,7617,3851,3766
운연(서창),2023-11-02,2752,1477,1275
검단오류(검단산업단지),2023-11-03,5940,2931,3009
왕길,2023-11-03,5387,2674,2713
검단사거리,2023-11-03,17399,9149,8250
마전,2023-11-03,8839,4343,4496
완정,2023-11-03,16115,8277,7838
독정,2023-11-03,9199,4627,4572
검암,2023-11-03,8626,4691,3935
검바위,2023-11-03,7295,3537,3758
아시아드경기장(공촌사거리),2023-11-03,9605,5071,4534
서구청,2023-11-03,17791,8798,8993
가정(루원시티),2023-11-03,24674,12597,12077
가정중앙시장,2023-11-03,12527,6066,6461
석남(거북시장),2023-11-03,6320,3065,3255
서부여성회관,2023-11-03,8690,4456,4234
인천가좌,2023-11-03,8645,4400,4245
가재울,2023-11-03,8532,4288,4244
주안국가산단,2023-11-03,5904,2908,2996
주안,2023-11-03,16850,7129,9721
시민공원(문화창작지대),2023-11-03,20234,10436,9798
석바위시장,2023-11-03,8876,4299,4577
인천시청,2023-11-03,7081,3420,3661
석천사거리,2023-11-03,9671,5115,4556
모래내시장,2023-11-03,16342,7951,8391
만수,2023-11-03,10488,5372,5116
남동구청,2023-11-03,9599,4971,4628
인천대공원,2023-11-03,5946,2992,2954
운연(서창),2023-11-03,2640,1425,1215
검단오류(검단산업단지),2023-11-04,2264,1207,1057
왕길,2023-11-04,3180,1671,1509
검단사거리,2023-11-04,13686,7075,6611
마전,2023-11-04,5974,2975,2999
완정,2023-11-04,10745,5639,5106
독정,2023-11-04,6341,3244,3097
검암,2023-11-04,6156,3257,2899
검바위,2023-11-04,3869,1917,1952
아시아드경기장(공촌사거리),2023-11-04,7188,3630,3558
서구청,2023-11-04,11598,5837,5761
가정(루원시티),2023-11-04,15348,7975,7373
가정중앙시장,2023-11-04,10465,5174,5291
석남(거북시장),2023-11-04,4930,2289,2641
서부여성회관,2023-11-04,6353,3289,3064
인천가좌,2023-11-04,5162,2638,2524
가재울,2023-11-04,4959,2546,2413
주안국가산단,2023-11-04,1445,718,727
주안,2023-11-04,14053,5669,8384
시민공원(문화창작지대),2023-11-04,14349,7417,6932
석바위시장,2023-11-04,6716,3244,3472
인천시청,2023-11-04,5297,2448,2849
석천사거리,2023-11-04,6485,3415,3070
모래내시장,2023-11-04,14037,6814,7223
만수,2023-11-04,7803,4070,3733
남동구청,2023-11-04,6059,3186,2873
인천대공원,2023-11-04,12472,6188,6284
운연(서창),2023-11-04,1928,1032,896
검단오류(검단산업단지),2023-11-05,1285,617,668
왕길,2023-11-05,1798,946,852
검단사거리,2023-11-05,8861,4400,4461
마전,2023-11-05,3802,1870,1932
완정,2023-11-05,6586,3327,3259
독정,2023-11-05,4207,2062,2145
검암,2023-11-05,3456,1831,1625
검바위,2023-11-05,2667,1268,1399
아시아드경기장(공촌사거리),2023-11-05,4672,2425,2247
서구청,2023-11-05,7214,3606,3608
가정(루원시티),2023-11-05,9630,4875,4755
가정중앙시장,2023-11-05,6419,3129,3290
석남(거북시장),2023-11-05,3089,1459,1630
서부여성회관,2023-11-05,4542,2307,2235
인천가좌,2023-11-05,2955,1470,1485
가재울,2023-11-05,3166,1548,1618
주안국가산단,2023-11-05,723,340,383
주안,2023-11-05,9134,3664,5470
시민공원(문화창작지대),2023-11-05,9814,5082,4732
석바위시장,2023-11-05,4529,2182,2347
인천시청,2023-11-05,3160,1484,1676
석천사거리,2023-11-05,3975,2088,1887
모래내시장,2023-11-05,8241,4069,4172
만수,2023-11-05,5141,2626,2515
남동구청,2023-11-05,3746,1948,1798
인천대공원,2023-11-05,3551,1761,1790
운연(서창),2023-11-05,1124,588,536
검단오류(검단산업단지),2023-11-06,5732,2797,2935
왕길,2023-11-06,4953,2469,2484
검단사거리,2023-11-06,15754,8339,7415
마전,2023-11-06,8545,4190,4355
완정,2023-11-06,14883,7689,7194
독정,2023-11-06,8964,4544,4420
검암,2023-11-06,8378,4692,3686
검바위,2023-11-06,6851,3303,3548
아시아드경기장(공촌사거리),2023-11-06,9061,4799,4262
서구청,2023-11-06,16576,8260,8316
가정(루원시티),2023-11-06,22689,11647,11042
가정중앙시장,2023-11-06,11448,5567,5881
석남(거북시장),2023-11-06,5960,2909,3051
서부여성회관,2023-11-06,7799,4023,3776
인천가좌,2023-11-06,8342,4183,4159
가재울,2023-11-06,7859,4039,3820
주안국가산단,2023-11-06,5800,2829,2971
주안,2023-11-06,15288,6448,8840
시민공원(문화창작지대),2023-11-06,18879,9712,9167
석바위시장,2023-11-06,8333,4047,4286
인천시청,2023-11-06,6165,2938,3227
석천사거리,2023-11-06,9041,4677,4364
모래내시장,2023-11-06,14052,6856,7196
만수,2023-11-06,9479,4882,4597
남동구청,2023-11-06,8621,4491,4130
인천대공원,2023-11-06,3412,1730,1682
운연(서창),2023-11-06,2296,1202,1094
검단오류(검단산업단지),2023-11-07,6062,2991,3071
왕길,2023-11-07,5295,2638,2657
검단사거리,2023-11-07,16805,8845,7960
마전,2023-11-07,8887,4265,4622
완정,2023-11-07,15942,8227,7715
독정,2023-11-07,9288,4687,4601
검암,2023-11-07,8858,4778,4080
검바위,2023-11-07,7548,3633,3915
아시아드경기장(공촌사거리),2023-11-07,9671,5177,4494
서구청,2023-11-07,17499,8665,8834
가정(루원시티),2023-11-07,24220,12377,11843
가정중앙시장,2023-11-07,12634,6101,6533
석남(거북시장),2023-11-07,6238,3033,3205
서부여성회관,2023-11-07,8344,4292,4052
인천가좌,2023-11-07,8765,4407,4358
가재울,2023-11-07,8551,4368,4183
주안국가산단,2023-11-07,6006,2945,3061
주안,2023-11-07,16372,7054,9318
시민공원(문화창작지대),2023-11-07,20310,10437,9873
석바위시장,2023-11-07,9014,4331,4683
인천시청,2023-11-07,6945,3329,3616
석천사거리,2023-11-07,9801,5032,4769
모래내시장,2023-11-07,16016,7809,8207
만수,2023-11-07,10308,5318,4990
남동구청,2023-11-07,9468,4954,4514
인천대공원,2023-11-07,5409,2745,2664
운연(서창),2023-11-07,2514,1370,1144
검단오류(검단산업단지),2023-11-08,6112,3021,3091
왕길,2023-11-08,5435,2739,2696
검단사거리,2023-11-08,17393,9197,8196
마전,2023-11-08,9010,4396,4614
완정,2023-11-08,16134,8347,7787
독정,2023-11-08,9842,4944,4898
검암,2023-11-08,8682,4719,3963
검바위,2023-11-08,7558,3624,3934
아시아드경기장(공촌사거리),2023-11-08,10118,5355,4763
서구청,2023-11-08,17702,8773,8929
가정(루원시티),2023-11-08,24990,12740,12250
가정중앙시장,2023-11-08,12909,6295,6614
석남(거북시장),2023-11-08,6655,3206,3449
서부여성회관,2023-11-08,8502,4358,4144
인천가좌,2023-11-08,8805,4391,4414
가재울,2023-11-08,8724,4459,4265
주안국가산단,2023-11-08,6054,2968,3086
주안,2023-11-08,16878,7219,9659
시민공원(문화창작지대),2023-11-08,20813,10674,10139
석바위시장,2023-11-08,8946,4309,4637
인천시청,2023-11-08,7043,3368,3675
석천사거리,2023-11-08,9759,5019,4740
모래내시장,2023-11-08,16482,8041,8441
만수,2023-11-08,10453,5415,5038
남동구청,2023-11-08,9938,5156,4782
인천대공원,2023-11-08,5611,2841,2770
운연(서창),2023-11-08,2617,1395,1222
검단오류(검단산업단지),2023-11-09,6103,2997,3106
왕길,2023-11-09,5407,2680,2727
검단사거리,2023-11-09,16526,8665,7861
마전,2023-11-09,8831,4253,4578
완정,2023-11-09,15688,8130,7558
독정,2023-11-09,9257,4670,4587
검암,2023-11-09,8626,4607,4019
검바위,2023-11-09,7304,3587,3717
아시아드경기장(공촌사거리),2023-11-09,9582,5000,4582
서구청,2023-11-09,16921,8292,8629
가정(루원시티),2023-11-09,23976,12262,11714
가정중앙시장,2023-11-09,12413,6032,6381
석남(거북시장),2023-11-09,6295,3035,3260
서부여성회관,2023-11-09,8433,4259,4174
인천가좌,2023-11-09,8631,4360,4271
가재울,2023-11-09,8306,4221,4085
주안국가산단,2023-11-09,6000,2913,3087
주안,2023-11-09,16510,7127,9383
시민공원(문화창작지대),2023-11-09,20321,10410,9911
석바위시장,2023-11-09,8852,4306,4546
인천시청,2023-11-09,6697,3183,3514
석천사거리,2023-11-09,9563,4955,4608
모래내시장,2023-11-09,15808,7764,8044
만수,2023-11-09,9992,5173,4819
남동구청,2023-11-09,9339,4843,4496
인천대공원,2023-11-09,5392,2741,2651
운연(서창),2023-11-09,2611,1406,1205
검단오류(검단산업단지),2023-11-10,5943,2965,2978
왕길,2023-11-10,5506,2756,2750
검단사거리,2023-11-10,18084,9362,8722
마전,2023-11-10,9056,4415,4641
완정,2023-11-10,16503,8593,7910
독정,2023-11-10,9432,4712,4720
검암,2023-11-10,8765,4802,3963
검바위,2023-11-10,7622,3636,3986
아시아드경기장(공촌사거리),2023-11-10,9850,5246,4604
서구청,2023-11-10,17515,8659,8856
가정(루원시티),2023-11-10,24461,12561,11900
가정중앙시장,2023-11-10,12996,6280,6716
석남(거북시장),2023-11-10,6356,3097,3259
서부여성회관,2023-11-10,8812,4516,4296
인천가좌,2023-11-10,8650,4376,4274
가재울,2023-11-10,8584,4381,4203
주안국가산단,2023-11-10,5931,2921,3010
주안,2023-11-10,16832,7075,9757
시민공원(문화창작지대),2023-11-10,20666,10724,9942
석바위시장,2023-11-10,9177,4404,4773
인천시청,2023-11-10,6898,3253,3645
석천사거리,2023-11-10,9733,5026,4707
모래내시장,2023-11-10,16347,7919,8428
만수,2023-11-10,10493,5454,5039
남동구청,2023-11-10,9579,4983,4596
인천대공원,2023-11-10,4995,2535,2460
운연(서창),2023-11-10,2571,1407,1164
검단오류(검단산업단지),2023-11-11,1997,1107,890
왕길,2023-11-11,3267,1688,1579
검단사거리,2023-11-11,13312,6869,6443
마전,2023-11-11,6022,3012,3010
완정,2023-11-11,10385,5396,4989
독정,2023-11-11,6251,3152,3099
검암,2023-11-11,5655,3015,2640
검바위,2023-11-11,3895,1888,2007
아시아드경기장(공촌사거리),2023-11-11,6937,3514,3423
서구청,2023-11-11,11264,5706,5558
가정(루원시티),2023-11-11,14844,7574,7270
가정중앙시장,2023-11-11,9907,4848,5059
석남(거북시장),2023-11-11,4442,2087,2355
서부여성회관,2023-11-11,6034,3076,2958
인천가좌,2023-11-11,4738,2445,2293
가재울,2023-11-11,4916,2508,2408
주안국가산단,2023-11-11,1666,812,854
주안,2023-11-11,13912,5721,8191
시민공원(문화창작지대),2023-11-11,13664,7087,6577
석바위시장,2023-11-11,6438,3088,3350
인천시청,2023-11-11,4438,2138,2300
석천사거리,2023-11-11,6444,3417,3027
모래내시장,2023-11-11,12641,6183,6458
만수,2023-11-11,7455,3849,3606
남동구청,2023-11-11,6259,3276,2983
인천대공원,2023-11-11,5592,2806,2786
운연(서창),2023-11-11,1700,872,828
검단오류(검단산업단지),2023-11-12,1466,704,762
왕길,2023-11-12,2147,1070,1077
검단사거리,2023-11-12,9753,4878,4875
마전,2023-11-12,3856,1897,1959
완정,2023-11-12,7130,3632,3498
독정,2023-11-12,3797,1880,1917
검암,2023-11-12,3776,1949,1827
검바위,2023-11-12,2823,1321,1502
아시아드경기장(공촌사거리),2023-11-12,4818,2524,2294
서구청,2023-11-12,7859,3973,3886
가정(루원시티),2023-11-12,10568,5391,5177
가정중앙시장,2023-11-12,7354,3579,3775
석남(거북시장),2023-11-12,3236,1536,1700
서부여성회관,2023-11-12,4855,2455,2400
인천가좌,2023-11-12,3336,1692,1644
가재울,2023-11-12,3557,1761,1796
주안국가산단,2023-11-12,774,369,405
주안,2023-11-12,9846,4072,5774
시민공원(문화창작지대),2023-11-12,10437,5292,5145
석바위시장,2023-11-12,4680,2326,2354
인천시청,2023-11-12,3514,1651,1863
석천사거리,2023-11-12,4511,2352,2159
모래내시장,2023-11-12,9583,4677,4906
만수,2023-11-12,5546,2892,2654
남동구청,2023-11-12,4331,2282,2049
인천대공원,2023-11-12,5041,2512,2529
운연(서창),2023-11-12,1287,669,618
검단오류(검단산업단지),2023-11-13,5988,2944,3044
왕길,2023-11-13,5336,2653,2683
검단사거리,2023-11-13,16508,8734,7774
마전,2023-11-13,8730,4248,4482
완정,2023-11-13,15295,7920,7375
독정,2023-11-13,8961,4519,4442
검암,2023-11-13,8406,4583,3823
검바위,2023-11-13,7217,3472,3745
아시아드경기장(공촌사거리),2023-11-13,9264,4917,4347
서구청,2023-11-13,17165,8577,8588
가정(루원시티),2023-11-13,23361,11948,11413
가정중앙시장,2023-11-13,12024,5860,6164
석남(거북시장),2023-11-13,6145,2976,3169
서부여성회관,2023-11-13,8159,4203,3956
인천가좌,2023-11-13,8537,4311,4226
가재울,2023-11-13,8330,4235,4095
주안국가산단,2023-11-13,5862,2853,3009
주안,2023-11-13,15902,6803,9099
시민공원(문화창작지대),2023-11-13,19953,10250,9703
석바위시장,2023-11-13,8703,4227,4476
인천시청,2023-11-13,6254,3024,3230
석천사거리,2023-11-13,9296,4824,4472
모래내시장,2023-11-13,15187,7387,7800
만수,2023-11-13,9863,5116,4747
남동구청,2023-11-13,9223,4804,4419
인천대공원,2023-11-13,4186,2130,2056
운연(서창),2023-11-13,2445,1324,1121
검단오류(검단산업단지),2023-11-14,6103,3022,3081
왕길,2023-11-14,5428,2718,2710
검단사거리,2023-11-14,16774,8791,7983
마전,2023-11-14,8708,4194,4514
완정,2023-11-14,15907,8225,7682
독정,2023-11-14,9328,4644,4684
검암,2023-11-14,8627,4710,3917
검바위,2023-11-14,7479,3567,3912
아시아드경기장(공촌사거리),2023-11-14,9649,5130,4519
서구청,2023-11-14,17495,8655,8840
가정(루원시티),2023-11-14,24178,12375,11803
가정중앙시장,2023-11-14,12424,6035,6389
석남(거북시장),2023-11-14,6172,2998,3174
서부여성회관,2023-11-14,8445,4293,4152
인천가좌,2023-11-14,8895,4467,4428
가재울,2023-11-14,8659,4429,4230
주안국가산단,2023-11-14,6014,2924,3090
주안,2023-11-14,16309,7038,9271
시민공원(문화창작지대),2023-11-14,20428,10492,9936
석바위시장,2023-11-14,8881,4302,4579
인천시청,2023-11-14,6857,3297,3560
석천사거리,2023-11-14,9487,4938,4549
모래내시장,2023-11-14,16340,7946,8394
만수,2023-11-14,10214,5275,4939
남동구청,2023-11-14,9678,5018,4660
인천대공원,2023-11-14,5013,2574,2439
운연(서창),2023-11-14,2607,1412,1195
검단오류(검단산업단지),2023-11-15,6327,3135,3192
왕길,2023-11-15,5686,2859,2827
검단사거리,2023-11-15,17864,9282,8582
마전,2023-11-15,9105,4437,4668
완정,2023-11-15,16467,8551,7916
독정,2023-11-15,9663,4823,4840
검암,2023-11-15,8954,4890,4064
검바위,2023-11-15,7906,3777,4129
아시아드경기장(공촌사거리),2023-11-15,10027,5306,4721
서구청,2023-11-15,18015,8896,9119
가정(루원시티),2023-11-15,25315,12929,12386
가정중앙시장,2023-11-15,13030,6323,6707
석남(거북시장),2023-11-15,6665,3238,3427
서부여성회관,2023-11-15,8652,4387,4265
인천가좌,2023-11-15,9134,4607,4527
가재울,2023-11-15,8647,4349,4298
주안국가산단,2023-11-15,6104,3009,3095
주안,2023-11-15,17051,7296,9755
시민공원(문화창작지대),2023-11-15,21092,10804,10288
석바위시장,2023-11-15,9017,4322,4695
인천시청,2023-11-15,7069,3383,3686
석천사거리,2023-11-15,9903,5169,4734
모래내시장,2023-11-15,17867,8743,9124
만수,2023-11-15,10799,5635,5164
남동구청,2023-11-15,9860,5154,4706
인천대공원,2023-11-15,5047,2540,2507
운연(서창),2023-11-15,2739,1451,1288
검단오류(검단산업단지),2023-11-16,5831,2873,2958
왕길,2023-11-16,4929,2479,2450
검단사거리,2023-11-16,15598,8140,7458
마전,2023-11-16,7925,3823,4102
완정,2023-11-16,14612,7533,7079
독정,2023-11-16,8068,4042,4026
검암,2023-11-16,8204,4433,3771
검바위,2023-11-16,5260,2589,2671
아시아드경기장(공촌사거리),2023-11-16,8317,4436,3881
서구청,2023-11-16,15415,7565,7850
가정(루원시티),2023-11-16,22499,11542,10957
가정중앙시장,2023-11-16,11345,5493,5852
석남(거북시장),2023-11-16,5733,2797,2936
서부여성회관,2023-11-16,7734,3929,3805
인천가좌,2023-11-16,8302,4174,4128
가재울,2023-11-16,7873,4050,3823
주안국가산단,2023-11-16,5845,2898,2947
주안,2023-11-16,15531,6587,8944
시민공원(문화창작지대),2023-11-16,19013,9754,9259
석바위시장,2023-11-16,7879,3803,4076
인천시청,2023-11-16,6153,2957,3196
석천사거리,2023-11-16,8822,4566,4256
모래내시장,2023-11-16,13404,6576,6828
만수,2023-11-16,9102,4636,4466
남동구청,2023-11-16,8348,4337,4011
인천대공원,2023-11-16,3010,1530,1480
운연(서창),2023-11-16,2188,1167,1021
검단오류(검단산업단지),2023-11-17,5800,2826,2974
왕길,2023-11-17,5360,2699,2661
검단사거리,2023-11-17,17841,9309,8532
마전,2023-11-17,8811,4320,4491
완정,2023-11-17,16330,8470,7860
독정,2023-11-17,9207,4616,4591
검암,2023-11-17,9185,5006,4179
검바위,2023-11-17,7260,3516,3744
아시아드경기장(공촌사거리),2023-11-17,9841,5239,4602
서구청,2023-11-17,17788,8780,9008
가정(루원시티),2023-11-17,24820,12635,12185
가정중앙시장,2023-11-17,13029,6330,6699
석남(거북시장),2023-11-17,6368,3106,3262
서부여성회관,2023-11-17,8681,4425,4256
인천가좌,2023-11-17,8412,4279,4133
가재울,2023-11-17,8573,4364,4209
주안국가산단,2023-11-17,5735,2824,2911
주안,2023-11-17,16679,7004,9675
시민공원(문화창작지대),2023-11-17,19896,10342,9554
석바위시장,2023-11-17,9082,4407,4675
인천시청,2023-11-17,6665,3180,3485
석천사거리,2023-11-17,9298,4799,4499
모래내시장,2023-11-17,15686,7655,8031
만수,2023-11-17,10258,5318,4940
남동구청,2023-11-17,9118,4772,4346
인천대공원,2023-11-17,4221,2137,2084
운연(서창),2023-11-17,2542,1344,1198
검단오류(검단산업단지),2023-11-18,2101,1133,968
왕길,2023-11-18,3256,1660,1596
검단사거리,2023-11-18,12792,6639,6153
마전,2023-11-18,5586,2822,2764
완정,2023-11-18,10266,5420,4846
독정,2023-11-18,6299,3152,3147
검암,2023-11-18,5349,2853,2496
검바위,2023-11-18,4002,1945,2057
아시아드경기장(공촌사거리),2023-11-18,6461,3315,3146
서구청,2023-11-18,10901,5520,5381
가정(루원시티),2023-11-18,14888,7650,7238
가정중앙시장,2023-11-18,9599,4746,4853
석남(거북시장),2023-11-18,4412,2058,2354
서부여성회관,2023-11-18,5689,2835,2854
인천가좌,2023-11-18,4675,2422,2253
가재울,2023-11-18,4533,2309,2224
주안국가산단,2023-11-18,1384,659,725
주안,2023-11-18,13044,5209,7835
시민공원(문화창작지대),2023-11-18,13432,6927,6505
석바위시장,2023-11-18,5922,2884,3038
인천시청,2023-11-18,4190,1979,2211
석천사거리,2023-11-18,5868,3062,2806
모래내시장,2023-11-18,12034,5869,6165
만수,2023-11-18,7550,3921,3629
남동구청,2023-11-18,5594,2883,2711
인천대공원,2023-11-18,4389,2187,2202
운연(서창),2023-11-18,1512,801,711
검단오류(검단산업단지),2023-11-19,1355,651,704
왕길,2023-11-19,2242,1156,1086
검단사거리,2023-11-19,9933,4970,4963
마전,2023-11-19,4259,2044,2215
완정,2023-11-19,7060,3581,3479
독정,2023-11-19,4839,2353,2486
검암,2023-11-19,3915,2069,1846
검바위,2023-11-19,2862,1382,1480
아시아드경기장(공촌사거리),2023-11-19,5074,2623,2451
서구청,2023-11-19,7746,3949,3797
가정(루원시티),2023-11-19,10550,5357,5193
가정중앙시장,2023-11-19,7275,3540,3735
석남(거북시장),2023-11-19,3387,1584,1803
서부여성회관,2023-11-19,4939,2541,2398
인천가좌,2023-11-19,3324,1691,1633
가재울,2023-11-19,3418,1716,1702
주안국가산단,2023-11-19,791,386,405
주안,2023-11-19,9861,4050,5811
시민공원(문화창작지대),2023-11-19,10334,5271,5063
석바위시장,2023-11-19,4901,2426,2475
인천시청,2023-11-19,3377,1560,1817
석천사거리,2023-11-19,4505,2371,2134
모래내시장,2023-11-19,9611,4708,4903
만수,2023-11-19,5696,2988,2708
남동구청,2023-11-19,4120,2190,1930
인천대공원,2023-11-19,4712,2343,2369
운연(서창),2023-11-19,1331,683,648
검단오류(검단산업단지),2023-11-20,5883,2891,2992
왕길,2023-11-20,5327,2671,2656
검단사거리,2023-11-20,16624,8725,7899
마전,2023-11-20,8625,4213,4412
완정,2023-11-20,15513,8070,7443
독정,2023-11-20,9234,4639,4595
검암,2023-11-20,8738,4727,4011
검바위,2023-11-20,7358,3535,3823
아시아드경기장(공촌사거리),2023-11-20,9680,5166,4514
서구청,2023-11-20,17066,8501,8565
가정(루원시티),2023-11-20,23820,12244,11576
가정중앙시장,2023-11-20,12416,6006,6410
석남(거북시장),2023-11-20,6303,3073,3230
서부여성회관,2023-11-20,8131,4190,3941
인천가좌,2023-11-20,8724,4417,4307
가재울,2023-11-20,8456,4312,4144
주안국가산단,2023-11-20,5863,2888,2975
주안,2023-11-20,16177,6974,9203
시민공원(문화창작지대),2023-11-20,20093,10323,9770
석바위시장,2023-11-20,8918,4294,4624
인천시청,2023-11-20,6662,3237,3425
석천사거리,2023-11-20,9381,4864,4517
모래내시장,2023-11-20,16215,7848,8367
만수,2023-11-20,10180,5305,4875
남동구청,2023-11-20,10080,5231,4849
인천대공원,2023-11-20,4578,2320,2258
운연(서창),2023-11-20,2458,1306,1152
검단오류(검단산업단지),2023-11-21,6035,2959,3076
왕길,2023-11-21,5392,2720,2672
검단사거리,2023-11-21,16790,8805,7985
마전,2023-11-21,8848,4339,4509
완정,2023-11-21,15995,8232,7763
독정,2023-11-21,9373,4708,4665
검암,2023-11-21,8777,4765,4012
검바위,2023-11-21,7640,3684,3956
아시아드경기장(공촌사거리),2023-11-21,9708,5152,4556
서구청,2023-11-21,17946,8804,9142
가정(루원시티),2023-11-21,24311,12489,11822
가정중앙시장,2023-11-21,12687,6150,6537
석남(거북시장),2023-11-21,6287,3052,3235
서부여성회관,2023-11-21,8290,4222,4068
인천가좌,2023-11-21,8852,4469,4383
가재울,2023-11-21,8725,4451,4274
주안국가산단,2023-11-21,6007,2946,3061
주안,2023-11-21,16663,7168,9495
시민공원(문화창작지대),2023-11-21,20726,10669,10057
석바위시장,2023-11-21,9044,4404,4640
인천시청,2023-11-21,7129,3400,3729
석천사거리,2023-11-21,9712,5057,4655
모래내시장,2023-11-21,16484,8059,8425
만수,2023-11-21,10372,5383,4989
남동구청,2023-11-21,9677,5033,4644
인천대공원,2023-11-21,5275,2648,2627
운연(서창),2023-11-21,2723,1459,1264
검단오류(검단산업단지),2023-11-22,6250,3106,3144
왕길,2023-11-22,5447,2734,2713
검단사거리,2023-11-22,16957,8876,8081
마전,2023-11-22,8896,4317,4579
완정,2023-11-22,15961,8272,7689
독정,2023-11-22,9403,4733,4670
검암,2023-11-22,8818,4772,4046
검바위,2023-11-22,7428,3583,3845
아시아드경기장(공촌사거리),2023-11-22,9898,5257,4641
서구청,2023-11-22,17523,8676,8847
가정(루원시티),2023-11-22,24585,12575,12010
가정중앙시장,2023-11-22,12504,6032,6472
석남(거북시장),2023-11-22,6563,3170,3393
서부여성회관,2023-11-22,8365,4292,4073
인천가좌,2023-11-22,8936,4461,4475
가재울,2023-11-22,8707,4473,4234
주안국가산단,2023-11-22,5988,2920,3068
주안,2023-11-22,16841,7127,9714
시민공원(문화창작지대),2023-11-22,20707,10637,10070
석바위시장,2023-11-22,9050,4398,4652
인천시청,2023-11-22,7015,3395,3620
석천사거리,2023-11-22,9613,4970,4643
모래내시장,2023-11-22,16105,7816,8289
만수,2023-11-22,10452,5387,5065
남동구청,2023-11-22,10056,5236,4820
인천대공원,2023-11-22,4905,2484,2421
운연(서창),2023-11-22,2621,1393,1228
검단오류(검단산업단지),2023-11-23,6090,2987,3103
왕길,2023-11-23,5524,2740,2784
검단사거리,2023-11-23,16765,8792,7973
마전,2023-11-23,8841,4300,4541
완정,2023-11-23,15987,8259,7728
독정,2023-11-23,9377,4668,4709
검암,2023-11-23,8785,4801,3984
검바위,2023-11-23,7675,3671,4004
아시아드경기장(공촌사거리),2023-11-23,9682,5134,4548
서구청,2023-11-23,17378,8607,8771
가정(루원시티),2023-11-23,24420,12434,11986
가정중앙시장,2023-11-23,12774,6208,6566
석남(거북시장),2023-11-23,6451,3079,3372
서부여성회관,2023-11-23,8425,4297,4128
인천가좌,2023-11-23,8773,4396,4377
가재울,2023-11-23,8606,4359,4247
주안국가산단,2023-11-23,5876,2893,2983
주안,2023-11-23,16602,7148,9454
시민공원(문화창작지대),2023-11-23,20278,10383,9895
석바위시장,2023-11-23,8816,4289,4527
인천시청,2023-11-23,7083,3387,3696
석천사거리,2023-11-23,9650,4994,4656
모래내시장,2023-11-23,16055,7811,8244
만수,2023-11-23,10262,5300,4962
남동구청,2023-11-23,9653,5028,4625
인천대공원,2023-11-23,4906,2476,2430
운연(서창),2023-11-23,2604,1409,1195
검단오류(검단산업단지),2023-11-24,5874,2880,2994
왕길,2023-11-24,5538,2799,2739
검단사거리,2023-11-24,17455,9134,8321
마전,2023-11-24,8872,4356,4516
완정,2023-11-24,16195,8332,7863
독정,2023-11-24,9290,4619,4671
검암,2023-11-24,8824,4852,3972
검바위,2023-11-24,7360,3583,3777
아시아드경기장(공촌사거리),2023-11-24,9610,5120,4490
서구청,2023-11-24,18083,8951,9132
가정(루원시티),2023-11-24,24518,12558,11960
가정중앙시장,2023-11-24,12567,6107,6460
석남(거북시장),2023-11-24,6441,3102,3339
서부여성회관,2023-11-24,8432,4291,4141
인천가좌,2023-11-24,8633,4390,4243
가재울,2023-11-24,8515,4410,4105
주안국가산단,2023-11-24,5687,2794,2893
주안,2023-11-24,16595,6932,9663
시민공원(문화창작지대),2023-11-24,19961,10371,9590
석바위시장,2023-11-24,9029,4317,4712
인천시청,2023-11-24,6846,3308,3538
석천사거리,2023-11-24,9545,4943,4602
모래내시장,2023-11-24,15718,7705,8013
만수,2023-11-24,10245,5293,4952
남동구청,2023-11-24,9259,4800,4459
인천대공원,2023-11-24,3808,1920,1888
운연(서창),2023-11-24,2458,1337,1121
검단오류(검단산업단지),2023-11-25,2016,1082,934
왕길,2023-11-25,3111,1567,1544
검단사거리,2023-11-25,12606,6507,6099
마전,2023-11-25,5724,2834,2890
완정,2023-11-25,9756,5126,4630
독정,2023-11-25,5848,2950,2898
검암,2023-11-25,5092,2708,2384
검바위,2023-11-25,4085,2043,2042
아시아드경기장(공촌사거리),2023-11-25,6635,3343,3292
서구청,2023-11-25,10977,5478,5499
가정(루원시티),2023-11-25,14630,7516,7114
가정중앙시장,2023-11-25,9187,4538,4649
석남(거북시장),2023-11-25,4362,2087,2275
서부여성회관,2023-11-25,5859,2996,2863
인천가좌,2023-11-25,4609,2381,2228
가재울,2023-11-25,4468,2254,2214
주안국가산단,2023-11-25,1472,713,759
주안,2023-11-25,13146,5279,7867
시민공원(문화창작지대),2023-11-25,13552,6940,6612
석바위시장,2023-11-25,5842,2851,2991
인천시청,2023-11-25,4320,2013,2307
석천사거리,2023-11-25,5688,3029,2659
모래내시장,2023-11-25,11920,5877,6043
만수,2023-11-25,6899,3499,3400
남동구청,2023-11-25,5304,2775,2529
인천대공원,2023-11-25,3967,2054,1913
운연(서창),2023-11-25,1512,765,747
검단오류(검단산업단지),2023-11-26,1346,634,712
왕길,2023-11-26,2139,1100,1039
검단사거리,2023-11-26,9345,4672,4673
마전,2023-11-26,4076,2024,2052
완정,2023-11-26,6847,3432,3415
독정,2023-11-26,3995,1982,2013
검암,2023-11-26,3456,1809,1647
검바위,2023-11-26,2815,1299,1516
아시아드경기장(공촌사거리),2023-11-26,5237,2730,2507
서구청,2023-11-26,7786,3981,3805
가정(루원시티),2023-11-26,10027,5122,4905
가정중앙시장,2023-11-26,7108,3524,3584
석남(거북시장),2023-11-26,3331,1555,1776
서부여성회관,2023-11-26,4736,2401,2335
인천가좌,2023-11-26,3267,1652,1615
가재울,2023-11-26,3310,1665,1645
주안국가산단,2023-11-26,689,341,348
주안,2023-11-26,9357,3841,5516
시민공원(문화창작지대),2023-11-26,9863,5020,4843
석바위시장,2023-11-26,4631,2220,2411
인천시청,2023-11-26,3307,1537,1770
석천사거리,2023-11-26,4463,2347,2116
모래내시장,2023-11-26,9295,4601,4694
만수,2023-11-26,5644,2912,2732
남동구청,2023-11-26,4142,2135,2007
인천대공원,2023-11-26,4232,2112,2120
운연(서창),2023-11-26,1224,657,567
검단오류(검단산업단지),2023-11-27,5837,2862,2975
왕길,2023-11-27,5338,2662,2676
검단사거리,2023-11-27,16216,8510,7706
마전,2023-11-27,8673,4226,4447
완정,2023-11-27,15427,8014,7413
독정,2023-11-27,8945,4521,4424
검암,2023-11-27,8330,4573,3757
검바위,2023-11-27,7058,3426,3632
아시아드경기장(공촌사거리),2023-11-27,9096,4864,4232
서구청,2023-11-27,16544,8238,8306
가정(루원시티),2023-11-27,23153,11884,11269
가정중앙시장,2023-11-27,11484,5525,5959
석남(거북시장),2023-11-27,5951,2887,3064
서부여성회관,2023-11-27,7686,3924,3762
인천가좌,2023-11-27,8374,4222,4152
가재울,2023-11-27,8096,4127,3969
주안국가산단,2023-11-27,5792,2864,2928
주안,2023-11-27,15747,6807,8940
시민공원(문화창작지대),2023-11-27,19591,10082,9509
석바위시장,2023-11-27,8455,4119,4336
인천시청,2023-11-27,6279,3001,3278
석천사거리,2023-11-27,9092,4788,4304
모래내시장,2023-11-27,14778,7168,7610
만수,2023-11-27,9521,4887,4634
남동구청,2023-11-27,8784,4578,4206
인천대공원,2023-11-27,3033,1561,1472
운연(서창),2023-11-27,2310,1244,1066
검단오류(검단산업단지),2023-11-28,5998,2997,3001
왕길,2023-11-28,5329,2668,2661
검단사거리,2023-11-28,16642,8724,7918
마전,2023-11-28,8927,4398,4529
완정,2023-11-28,15647,8076,7571
독정,2023-11-28,9170,4610,4560
검암,2023-11-28,8461,4564,3897
검바위,2023-11-28,7302,3518,3784
아시아드경기장(공촌사거리),2023-11-28,9525,5033,4492
서구청,2023-11-28,17111,8555,8556
가정(루원시티),2023-11-28,24000,12227,11773
가정중앙시장,2023-11-28,11813,5727,6086
석남(거북시장),2023-11-28,6153,3013,3140
서부여성회관,2023-11-28,8153,4182,3971
인천가좌,2023-11-28,8793,4398,4395
가재울,2023-11-28,8581,4384,4197
주안국가산단,2023-11-28,5991,2930,3061
주안,2023-11-28,16287,7000,9287
시민공원(문화창작지대),2023-11-28,20204,10389,9815
석바위시장,2023-11-28,8931,4316,4615
인천시청,2023-11-28,6904,3286,3618
석천사거리,2023-11-28,9592,4996,4596
모래내시장,2023-11-28,15668,7694,7974
만수,2023-11-28,9988,5094,4894
남동구청,2023-11-28,9299,4800,4499
인천대공원,2023-11-28,4354,2199,2155
운연(서창),2023-11-28,2546,1386,1160
검단오류(검단산업단지),2023-11-29,6068,3014,3054
왕길,2023-11-29,5293,2675,2618
검단사거리,2023-11-29,16730,8731,7999
마전,2023-11-29,8900,4280,4620
완정,2023-11-29,15779,8134,7645
독정,2023-11-29,9269,4585,4684
검암,2023-11-29,8496,4614,3882
검바위,2023-11-29,7502,3629,3873
아시아드경기장(공촌사거리),2023-11-29,9697,5167,4530
서구청,2023-11-29,16903,8468,8435
가정(루원시티),2023-11-29,24152,12292,11860
가정중앙시장,2023-11-29,12047,5778,6269
석남(거북시장),2023-11-29,6184,2965,3219
서부여성회관,2023-11-29,8307,4242,4065
인천가좌,2023-11-29,8721,4369,4352
가재울,2023-11-29,8542,4366,4176
주안국가산단,2023-11-29,5889,2870,3019
주안,2023-11-29,16396,6992,9404
시민공원(문화창작지대),2023-11-29,20819,10652,10167
석바위시장,2023-11-29,9142,4438,4704
인천시청,2023-11-29,6794,3279,3515
석천사거리,2023-11-29,9663,5023,4640
모래내시장,2023-11-29,15577,7564,8013
만수,2023-11-29,10261,5314,4947
남동구청,2023-11-29,9212,4822,4390
인천대공원,2023-11-29,4152,2054,2098
운연(서창),2023-11-29,2574,1391,1183
검단오류(검단산업단지),2023-11-30,5836,2894,2942
왕길,2023-11-30,5257,2627,2630
검단사거리,2023-11-30,16209,8478,7731
마전,2023-11-30,8581,4161,4420
완정,2023-11-30,15143,7802,7341
독정,2023-11-30,8903,4492,4411
검암,2023-11-30,8257,4526,3731
검바위,2023-11-30,6845,3283,3562
아시아드경기장(공촌사거리),2023-11-30,9361,4951,4410
서구청,2023-11-30,16328,8143,8185
가정(루원시티),2023-11-30,23174,11770,11404
가정중앙시장,2023-11-30,11769,5697,6072
석남(거북시장),2023-11-30,5886,2869,3017
서부여성회관,2023-11-30,7895,4017,3878
인천가좌,2023-11-30,8388,4235,4153
가재울,2023-11-30,8164,4180,3984
주안국가산단,2023-11-30,5771,2821,2950
주안,2023-11-30,15559,6736,8823
시민공원(문화창작지대),2023-11-30,19743,10111,9632
석바위시장,2023-11-30,8243,3931,4312
인천시청,2023-11-30,6435,3080,3355
석천사거리,2023-11-30,9124,4688,4436
모래내시장,2023-11-30,14578,7132,7446
만수,2023-11-30,9757,5030,4727
남동구청,2023-11-30,8699,4450,4249
인천대공원,2023-11-30,3553,1794,1759
운연(서창),2023-11-30,2391,1285,1106
검단오류(검단산업단지),2023-12-01,5782,2890,2892
왕길,2023-12-01,5305,2665,2640
검단사거리,2023-12-01,17134,8975,8159
마전,2023-12-01,8636,4235,4401
완정,2023-12-01,15596,8134,7462
독정,2023-12-01,9200,4636,4564
검암,2023-12-01,8439,4611,3828
검바위,2023-12-01,6171,2945,3226
아시아드경기장(공촌사거리),2023-12-01,9447,5019,4428
서구청,2023-12-01,17227,8502,8725
가정(루원시티),2023-12-01,23827,12179,11648
가정중앙시장,2023-12-01,12371,5972,6399
석남(거북시장),2023-12-01,6165,2982,3183
서부여성회관,2023-12-01,8399,4246,4153
인천가좌,2023-12-01,8537,4338,4199
가재울,2023-12-01,8527,4422,4105
주안국가산단,2023-12-01,5714,2823,2891
주안,2023-12-01,16500,6964,9536
시민공원(문화창작지대),2023-12-01,19923,10274,9649
석바위시장,2023-12-01,9013,4365,4648
인천시청,2023-12-01,6795,3219,3576
석천사거리,2023-12-01,9329,4876,4453
모래내시장,2023-12-01,15802,7648,8154
만수,2023-12-01,10283,5316,4967
남동구청,2023-12-01,9195,4844,4351
인천대공원,2023-12-01,3868,1968,1900
운연(서창),2023-12-01,2449,1324,1125
검단오류(검단산업단지),2023-12-02,1897,1064,833
왕길,2023-12-02,3166,1653,1513
검단사거리,2023-12-02,12988,6741,6247
마전,2023-12-02,5729,2901,2828
완정,2023-12-02,10421,5413,5008
독정,2023-12-02,6197,3124,3073
검암,2023-12-02,5355,2897,2458
검바위,2023-12-02,3798,1856,1942
아시아드경기장(공촌사거리),2023-12-02,7037,3606,3431
서구청,2023-12-02,11569,5841,5728
가정(루원시티),2023-12-02,14898,7643,7255
가정중앙시장,2023-12-02,9863,4846,5017
석남(거북시장),2023-12-02,4524,2117,2407
서부여성회관,2023-12-02,5992,3052,2940
인천가좌,2023-12-02,4939,2517,2422
가재울,2023-12-02,4740,2401,2339
주안국가산단,2023-12-02,1356,683,673
주안,2023-12-02,14099,5710,8389
시민공원(문화창작지대),2023-12-02,13940,7194,6746
석바위시장,2023-12-02,6421,3126,3295
인천시청,2023-12-02,4589,2216,2373
석천사거리,2023-12-02,5914,3118,2796
모래내시장,2023-12-02,12546,6151,6395
만수,2023-12-02,7463,3870,3593
남동구청,2023-12-02,5767,3036,2731
인천대공원,2023-12-02,4487,2276,2211
운연(서창),2023-12-02,1679,870,809
검단오류(검단산업단지),2023-12-03,1324,630,694
왕길,2023-12-03,2159,1102,1057
검단사거리,2023-12-03,9798,4855,4943
마전,2023-12-03,4093,1971,2122
완정,2023-12-03,7108,3611,3497
독정,2023-12-03,4615,2300,2315
검암,2023-12-03,3861,2053,1808
검바위,2023-12-03,2978,1377,1601
아시아드경기장(공촌사거리),2023-12-03,5383,2802,2581
서구청,2023-12-03,7858,3943,3915
가정(루원시티),2023-12-03,10650,5407,5243
가정중앙시장,2023-12-03,7090,3524,3566
석남(거북시장),2023-12-03,3336,1537,1799
서부여성회관,2023-12-03,4955,2557,2398
인천가좌,2023-12-03,3267,1636,1631
가재울,2023-12-03,3481,1753,1728
주안국가산단,2023-12-03,740,359,381
주안,2023-12-03,9412,3814,5598
시민공원(문화창작지대),2023-12-03,10663,5495,5168
석바위시장,2023-12-03,4963,2377,2586
인천시청,2023-12-03,3546,1666,1880
석천사거리,2023-12-03,4480,2337,2143
모래내시장,2023-12-03,9773,4786,4987
만수,2023-12-03,5556,2821,2735
남동구청,2023-12-03,4252,2227,2025
인천대공원,2023-12-03,4601,2313,2288
운연(서창),2023-12-03,1322,700,622
검단오류(검단산업단지),2023-12-04,5904,2892,3012
왕길,2023-12-04,5314,2674,2640
검단사거리,2023-12-04,16581,8728,7853
마전,2023-12-04,8466,4146,4320
완정,2023-12-04,15409,7911,7498
독정,2023-12-04,9142,4577,4565
검암,2023-12-04,8569,4660,3909
검바위,2023-12-04,6884,3347,3537
아시아드경기장(공촌사거리),2023-12-04,9516,5016,4500
서구청,2023-12-04,16778,8335,8443
가정(루원시티),2023-12-04,23201,11923,11278
가정중앙시장,2023-12-04,12014,5859,6155
석남(거북시장),2023-12-04,6363,3040,3323
서부여성회관,2023-12-04,7934,4032,3902
인천가좌,2023-12-04,8562,4343,4219
가재울,2023-12-04,8420,4305,4115
주안국가산단,2023-12-04,5816,2862,2954
주안,2023-12-04,15662,6720,8942
시민공원(문화창작지대),2023-12-04,20114,10313,9801
석바위시장,2023-12-04,8890,4286,4604
인천시청,2023-12-04,6520,3112,3408
석천사거리,2023-12-04,9430,4933,4497
모래내시장,2023-12-04,15950,7682,8268
만수,2023-12-04,9961,5130,4831
남동구청,2023-12-04,9230,4820,4410
인천대공원,2023-12-04,4530,2295,2235
운연(서창),2023-12-04,2482,1296,1186
검단오류(검단산업단지),2023-12-05,6037,2993,3044
왕길,2023-12-05,5376,2710,2666
검단사거리,2023-12-05,16965,8857,8108
마전,2023-12-05,8682,4196,4486
완정,2023-12-05,15793,8121,7672
독정,2023-12-05,9070,4547,4523
검암,2023-12-05,8684,4675,4009
검바위,2023-12-05,7150,3449,3701
아시아드경기장(공촌사거리),2023-12-05,9734,5128,4606
서구청,2023-12-05,17389,8712,8677
가정(루원시티),2023-12-05,23944,12245,11699
가정중앙시장,2023-12-05,12684,6186,6498
석남(거북시장),2023-12-05,6320,3076,3244
서부여성회관,2023-12-05,8201,4179,4022
인천가좌,2023-12-05,8723,4391,4332
가재울,2023-12-05,8673,4465,4208
주안국가산단,2023-12-05,5967,2935,3032
주안,2023-12-05,16151,6944,9207
시민공원(문화창작지대),2023-12-05,20339,10437,9902
석바위시장,2023-12-05,9096,4421,4675
인천시청,2023-12-05,6788,3258,3530
석천사거리,2023-12-05,9603,5018,4585
모래내시장,2023-12-05,16317,7974,8343
만수,2023-12-05,10244,5262,4982
남동구청,2023-12-05,9417,4883,4534
인천대공원,2023-12-05,4926,2503,2423
운연(서창),2023-12-05,2544,1361,1183
검단오류(검단산업단지),2023-12-06,6075,2993,3082
왕길,2023-12-06,5188,2596,2592
검단사거리,2023-12-06,16407,8616,7791
마전,2023-12-06,8417,4138,4279
완정,2023-12-06,15692,8070,7622
독정,2023-12-06,8844,4456,4388
검암,2023-12-06,8374,4574,3800
검바위,2023-12-06,6946,3338,3608
아시아드경기장(공촌사거리),2023-12-06,9463,4981,4482
서구청,2023-12-06,16817,8360,8457
가정(루원시티),2023-12-06,23790,12197,11593
가정중앙시장,2023-12-06,11748,5714,6034
석남(거북시장),2023-12-06,6181,2986,3195
서부여성회관,2023-12-06,8169,4141,4028
인천가좌,2023-12-06,8484,4251,4233
가재울,2023-12-06,8583,4394,4189
주안국가산단,2023-12-06,5378,2634,2744
주안,2023-12-06,15693,6712,8981
시민공원(문화창작지대),2023-12-06,19892,10151,9741
석바위시장,2023-12-06,8906,4279,4627
인천시청,2023-12-06,6723,3245,3478
석천사거리,2023-12-06,9404,4863,4541
모래내시장,2023-12-06,15060,7381,7679
만수,2023-12-06,10122,5206,4916
남동구청,2023-12-06,9051,4747,4304
인천대공원,2023-12-06,3699,1835,1864
운연(서창),2023-12-06,2445,1331,1114
검단오류(검단산업단지),2023-12-07,6050,2969,3081
왕길,2023-12-07,5363,2671,2692
검단사거리,2023-12-07,16836,8832,8004
마전,2023-12-07,8943,4318,4625
완정,2023-12-07,15796,8162,7634
독정,2023-12-07,9126,4606,4520
검암,2023-12-07,8682,4697,3985
검바위,2023-12-07,7134,3441,3693
아시아드경기장(공촌사거리),2023-12-07,9514,5010,4504
서구청,2023-12-07,17687,8766,8921
가정(루원시티),2023-12-07,24044,12325,11719
가정중앙시장,2023-12-07,12456,6054,6402
석남(거북시장),2023-12-07,6439,3116,3323
서부여성회관,2023-12-07,8494,4341,4153
인천가좌,2023-12-07,8759,4421,4338
가재울,2023-12-07,8595,4382,4213
주안국가산단,2023-12-07,5801,2851,2950
주안,2023-12-07,16170,6847,9323
시민공원(문화창작지대),2023-12-07,20256,10398,9858
석바위시장,2023-12-07,9041,4395,4646
인천시청,2023-12-07,6939,3301,3638
석천사거리,2023-12-07,9464,4928,4536
모래내시장,2023-12-07,15880,7709,8171
만수,2023-12-07,10432,5380,5052
남동구청,2023-12-07,9392,4954,4438
인천대공원,2023-12-07,4683,2372,2311
운연(서창),2023-12-07,2578,1376,1202
검단오류(검단산업단지),2023-12-08,5937,2886,3051
왕길,2023-12-08,5381,2730,2651
검단사거리,2023-12-08,17851,9423,8428
마전,2023-12-08,8838,4347,4491
완정,2023-12-08,16321,8469,7852
독정,2023-12-08,9497,4801,4696
검암,2023-12-08,8908,4891,4017
검바위,2023-12-08,7551,3685,3866
아시아드경기장(공촌사거리),2023-12-08,9652,5105,4547
서구청,2023-12-08,19020,9355,9665
가정(루원시티),2023-12-08,24910,12919,11991
가정중앙시장,2023-12-08,13047,6373,6674
석남(거북시장),2023-12-08,6570,3171,3399
서부여성회관,2023-12-08,8785,4493,4292
인천가좌,2023-12-08,8800,4445,4355
가재울,2023-12-08,8667,4437,4230
주안국가산단,2023-12-08,5619,2703,2916
주안,2023-12-08,16906,7106,9800
시민공원(문화창작지대),2023-12-08,20623,10510,10113
석바위시장,2023-12-08,9462,4556,4906
인천시청,2023-12-08,7546,3559,3987
석천사거리,2023-12-08,9913,5192,4721
모래내시장,2023-12-08,16603,8100,8503
만수,2023-12-08,10679,5539,5140
남동구청,2023-12-08,9707,5087,4620
인천대공원,2023-12-08,5029,2549,2480
운연(서창),2023-12-08,2599,1389,1210
검단오류(검단산업단지),2023-12-09,2139,1140,999
왕길,2023-12-09,3233,1676,1557
검단사거리,2023-12-09,13826,7233,6593
마전,2023-12-09,5885,2996,2889
완정,2023-12-09,11043,5718,5325
독정,2023-12-09,6168,3110,3058
검암,2023-12-09,5627,3027,2600
검바위,2023-12-09,4026,2012,2014
아시아드경기장(공촌사거리),2023-12-09,6971,3634,3337
서구청,2023-12-09,12014,5977,6037
가정(루원시티),2023-12-09,15751,8088,7663
가정중앙시장,2023-12-09,10494,5172,5322
석남(거북시장),2023-12-09,4826,2346,2480
서부여성회관,2023-12-09,6373,3315,3058
인천가좌,2023-12-09,5017,2578,2439
가재울,2023-12-09,5041,2587,2454
주안국가산단,2023-12-09,1499,736,763
주안,2023-12-09,14100,5598,8502
시민공원(문화창작지대),2023-12-09,14951,7649,7302
석바위시장,2023-12-09,6662,3276,3386
인천시청,2023-12-09,4944,2350,2594
석천사거리,2023-12-09,6462,3474,2988
모래내시장,2023-12-09,13339,6491,6848
만수,2023-12-09,7709,3997,3712
남동구청,2023-12-09,6061,3178,2883
인천대공원,2023-12-09,5051,2538,2513
운연(서창),2023-12-09,1826,976,850
검단오류(검단산업단지),2023-12-10,1296,625,671
왕길,2023-12-10,1997,1026,971
검단사거리,2023-12-10,9805,4934,4871
마전,2023-12-10,3940,1907,2033
완정,2023-12-10,7351,3694,3657
독정,2023-12-10,4003,1970,2033
검암,2023-12-10,3983,2097,1886
검바위,2023-12-10,2832,1343,1489
아시아드경기장(공촌사거리),2023-12-10,5287,2697,2590
서구청,2023-12-10,8271,4179,4092
가정(루원시티),2023-12-10,10515,5350,5165
가정중앙시장,2023-12-10,7601,3763,3838
석남(거북시장),2023-12-10,3391,1543,1848
서부여성회관,2023-12-10,5283,2716,2567
인천가좌,2023-12-10,3391,1697,1694
가재울,2023-12-10,3592,1788,1804
주안국가산단,2023-12-10,781,392,389
주안,2023-12-10,9864,4054,5810
시민공원(문화창작지대),2023-12-10,10621,5463,5158
석바위시장,2023-12-10,5305,2545,2760
인천시청,2023-12-10,3815,1807,2008
석천사거리,2023-12-10,4617,2428,2189
모래내시장,2023-12-10,10032,4934,5098
만수,2023-12-10,5921,3060,2861
남동구청,2023-12-10,4711,2487,2224
인천대공원,2023-12-10,5775,2877,2898
운연(서창),2023-12-10,1357,681,676
검단오류(검단산업단지),2023-12-11,5597,2739,2858
왕길,2023-12-11,5016,2526,2490
검단사거리,2023-12-11,15519,8152,7367
마전,2023-12-11,8149,3927,4222
완정,2023-12-11,14717,7562,7155
독정,2023-12-11,8544,4323,4221
검암,2023-12-11,8242,4471,3771
검바위,2023-12-11,6584,3157,3427
아시아드경기장(공촌사거리),2023-12-11,8768,4648,4120
서구청,2023-12-11,16143,8004,8139
가정(루원시티),2023-12-11,22153,11338,10815
가정중앙시장,2023-12-11,10969,5324,5645
석남(거북시장),2023-12-11,5834,2806,3028
서부여성회관,2023-12-11,7494,3800,3694
인천가좌,2023-12-11,8048,4049,3999
가재울,2023-12-11,7879,4039,3840
주안국가산단,2023-12-11,5692,2795,2897
주안,2023-12-11,14259,5967,8292
시민공원(문화창작지대),2023-12-11,18908,9754,9154
석바위시장,2023-12-11,8382,4088,4294
인천시청,2023-12-11,6158,2965,3193
석천사거리,2023-12-11,9087,4700,4387
모래내시장,2023-12-11,13828,6720,7108
만수,2023-12-11,9501,4903,4598
남동구청,2023-12-11,8638,4511,4127
인천대공원,2023-12-11,2630,1319,1311
운연(서창),2023-12-11,2256,1221,1035
검단오류(검단산업단지),2023-12-12,6054,2980,3074
왕길,2023-12-12,5271,2648,2623
검단사거리,2023-12-12,16901,8855,8046
마전,2023-12-12,8757,4235,4522
완정,2023-12-12,15974,8204,7770
독정,2023-12-12,9023,4499,4524
검암,2023-12-12,8774,4772,4002
검바위,2023-12-12,7103,3429,3674
아시아드경기장(공촌사거리),2023-12-12,9294,4913,4381
서구청,2023-12-12,17517,8743,8774
가정(루원시티),2023-12-12,23713,12188,11525
가정중앙시장,2023-12-12,12314,5943,6371
석남(거북시장),2023-12-12,6191,2973,3218
서부여성회관,2023-12-12,8077,4133,3944
인천가좌,2023-12-12,8828,4482,4346
가재울,2023-12-12,8519,4417,4102
주안국가산단,2023-12-12,5924,2895,3029
주안,2023-12-12,15560,6683,8877
시민공원(문화창작지대),2023-12-12,19910,10170,9740
석바위시장,2023-12-12,9231,4479,4752
인천시청,2023-12-12,6691,3242,3449
석천사거리,2023-12-12,9778,5063,4715
모래내시장,2023-12-12,16221,7920,8301
만수,2023-12-12,10395,5360,5035
남동구청,2023-12-12,9520,4979,4541
인천대공원,2023-12-12,4249,2165,2084
운연(서창),2023-12-12,2649,1409,1240
검단오류(검단산업단지),2023-12-13,6129,3028,3101
왕길,2023-12-13,5311,2693,2618
검단사거리,2023-12-13,16908,8776,8132
마전,2023-12-13,8847,4342,4505
완정,2023-12-13,16299,8387,7912
독정,2023-12-13,9094,4525,4569
검암,2023-12-13,8830,4743,4087
검바위,2023-12-13,7356,3624,3732
아시아드경기장(공촌사거리),2023-12-13,9816,5206,4610
서구청,2023-12-13,17556,8683,8873
가정(루원시티),2023-12-13,24171,12328,11843
가정중앙시장,2023-12-13,12609,6163,6446
석남(거북시장),2023-12-13,6291,3064,3227
서부여성회관,2023-12-13,8236,4181,4055
인천가좌,2023-12-13,8880,4496,4384
가재울,2023-12-13,8567,4347,4220
주안국가산단,2023-12-13,5927,2906,3021
주안,2023-12-13,15901,6761,9140
시민공원(문화창작지대),2023-12-13,20677,10614,10063
석바위시장,2023-12-13,9341,4552,4789
인천시청,2023-12-13,7079,3347,3732
석천사거리,2023-12-13,9781,5010,4771
모래내시장,2023-12-13,16331,7936,8395
만수,2023-12-13,10558,5485,5073
남동구청,2023-12-13,9485,4933,4552
인천대공원,2023-12-13,4631,2342,2289
운연(서창),2023-12-13,2583,1413,1170
검단오류(검단산업단지),2023-12-14,5855,2845,3010
왕길,2023-12-14,4980,2457,2523
검단사거리,2023-12-14,15819,8341,7478
마전,2023-12-14,8479,4154,4325
완정,2023-12-14,15333,7868,7465
독정,2023-12-14,8620,4341,4279
검암,2023-12-14,8578,4662,3916
검바위,2023-12-14,6936,3369,3567
아시아드경기장(공촌사거리),2023-12-14,9061,4795,4266
서구청,2023-12-14,16143,8005,8138
가정(루원시티),2023-12-14,23287,11961,11326
가정중앙시장,2023-12-14,11250,5457,5793
석남(거북시장),2023-12-14,5776,2753,3023
서부여성회관,2023-12-14,7812,3919,3893
인천가좌,2023-12-14,8511,4258,4253
가재울,2023-12-14,8105,4161,3944
주안국가산단,2023-12-14,5807,2825,2982
주안,2023-12-14,14720,6199,8521
시민공원(문화창작지대),2023-12-14,19510,10052,9458
석바위시장,2023-12-14,8496,4133,4363
인천시청,2023-12-14,6272,2994,3278
석천사거리,2023-12-14,9207,4740,4467
모래내시장,2023-12-14,14149,6891,7258
만수,2023-12-14,9337,4833,4504
남동구청,2023-12-14,8451,4398,4053
인천대공원,2023-12-14,2830,1439,1391
운연(서창),2023-12-14,2331,1264,1067
검단오류(검단산업단지),2023-12-15,5584,2665,2919
왕길,2023-12-15,5204,2595,2609
검단사거리,2023-12-15,16927,8906,8021
마전,2023-12-15,8759,4331,4428
완정,2023-12-15,16237,8499,7738
독정,2023-12-15,8812,4389,4423
검암,2023-12-15,8638,4810,3828
검바위,2023-12-15,7057,3498,3559
아시아드경기장(공촌사거리),2023-12-15,8953,4677,4276
서구청,2023-12-15,17054,8423,8631
가정(루원시티),2023-12-15,23920,12324,11596
가정중앙시장,2023-12-15,11914,5786,6128
석남(거북시장),2023-12-15,5885,2868,3017
서부여성회관,2023-12-15,8149,4167,3982
인천가좌,2023-12-15,8337,4164,4173
가재울,2023-12-15,8215,4195,4020
주안국가산단,2023-12-15,5525,2622,2903
주안,2023-12-15,16010,6738,9272
시민공원(문화창작지대),2023-12-15,19589,10121,9468
석바위시장,2023-12-15,8733,4279,4454
인천시청,2023-12-15,6716,3191,3525
석천사거리,2023-12-15,9427,4973,4454
모래내시장,2023-12-15,14642,7143,7499
만수,2023-12-15,9669,5098,4571
남동구청,2023-12-15,8610,4461,4149
인천대공원,2023-12-15,2703,1374,1329
운연(서창),2023-12-15,2292,1233,1059
검단오류(검단산업단지),2023-12-16,2039,1101,938
왕길,2023-12-16,2925,1511,1414
검단사거리,2023-12-16,13613,7084,6529
마전,2023-12-16,6229,3114,3115
완정,2023-12-16,11131,5873,5258
독정,2023-12-16,6032,3053,2979
검암,2023-12-16,5744,3168,2576
검바위,2023-12-16,3947,1924,2023
아시아드경기장(공촌사거리),2023-12-16,6566,3319,3247
서구청,2023-12-16,11810,5888,5922
가정(루원시티),2023-12-16,15596,8052,7544
가정중앙시장,2023-12-16,10301,5102,5199
석남(거북시장),2023-12-16,4609,2207,2402
서부여성회관,2023-12-16,6113,3103,3010
인천가좌,2023-12-16,4808,2470,2338
가재울,2023-12-16,4792,2422,2370
주안국가산단,2023-12-16,1470,720,750
주안,2023-12-16,13819,5460,8359
시민공원(문화창작지대),2023-12-16,14781,7630,7151
석바위시장,2023-12-16,6710,3294,3416
인천시청,2023-12-16,4618,2124,2494
석천사거리,2023-12-16,6260,3219,3041
모래내시장,2023-12-16,12491,6119,6372
만수,2023-12-16,7492,3901,3591
남동구청,2023-12-16,5916,3028,2888
인천대공원,2023-12-16,3262,1664,1598
운연(서창),2023-12-16,1649,869,780
검단오류(검단산업단지),2023-12-17,1129,559,570
왕길,2023-12-17,1737,879,858
검단사거리,2023-12-17,9226,4561,4665
마전,2023-12-17,4073,1937,2136
완정,2023-12-17,6795,3477,3318
독정,2023-12-17,4054,1998,2056
검암,2023-12-17,3538,1830,1708
검바위,2023-12-17,2703,1293,1410
아시아드경기장(공촌사거리),2023-12-17,4736,2419,2317
서구청,2023-12-17,7423,3776,3647
가정(루원시티),2023-12-17,9491,4787,4704
가정중앙시장,2023-12-17,6572,3204,3368
석남(거북시장),2023-12-17,3148,1534,1614
서부여성회관,2023-12-17,4560,2353,2207
인천가좌,2023-12-17,3039,1520,1519
가재울,2023-12-17,3169,1606,1563
주안국가산단,2023-12-17,694,333,361
주안,2023-12-17,8643,3486,5157
시민공원(문화창작지대),2023-12-17,9528,4855,4673
석바위시장,2023-12-17,4799,2337,2462
인천시청,2023-12-17,2999,1439,1560
석천사거리,2023-12-17,4258,2181,2077
모래내시장,2023-12-17,8118,3976,4142
만수,2023-12-17,5164,2626,2538
남동구청,2023-12-17,3749,1925,1824
인천대공원,2023-12-17,2613,1311,1302
운연(서창),2023-12-17,1080,557,523
검단오류(검단산업단지),2023-12-18,5737,2773,2964
왕길,2023-12-18,4940,2483,2457
검단사거리,2023-12-18,15706,8230,7476
마전,2023-12-18,8291,3994,4297
완정,2023-12-18,14901,7705,7196
독정,2023-12-18,8216,4109,4107
검암,2023-12-18,8203,4503,3700
검바위,2023-12-18,6473,3128,3345
아시아드경기장(공촌사거리),2023-12-18,8794,4672,4122
서구청,2023-12-18,15549,7793,7756
가정(루원시티),2023-12-18,22225,11374,10851
가정중앙시장,2023-12-18,11135,5454,5681
석남(거북시장),2023-12-18,5648,2797,2851
서부여성회관,2023-12-18,7615,3850,3765
인천가좌,2023-12-18,8269,4218,4051
가재울,2023-12-18,7822,4004,3818
주안국가산단,2023-12-18,5787,2849,2938
주안,2023-12-18,14559,6214,8345
시민공원(문화창작지대),2023-12-18,19240,9850,9390
석바위시장,2023-12-18,8503,4106,4397
인천시청,2023-12-18,6152,2974,3178
석천사거리,2023-12-18,9104,4746,4358
모래내시장,2023-12-18,14524,7053,7471
만수,2023-12-18,9434,4938,4496
남동구청,2023-12-18,8234,4247,3987
인천대공원,2023-12-18,3311,1683,1628
운연(서창),2023-12-18,2218,1181,1037
검단오류(검단산업단지),2023-12-19,6028,2987,3041
왕길,2023-12-19,5207,2591,2616
검단사거리,2023-12-19,16473,8603,7870
마전,2023-12-19,8640,4193,4447
완정,2023-12-19,15638,8000,7638
독정,2023-12-19,8750,4353,4397
검암,2023-12-19,8610,4606,4004
검바위,2023-12-19,6882,3406,3476
아시아드경기장(공촌사거리),2023-12-19,9236,4875,4361
서구청,2023-12-19,16998,8374,8624
가정(루원시티),2023-12-19,23829,12168,11661
가정중앙시장,2023-12-19,12366,5998,6368
석남(거북시장),2023-12-19,5957,2908,3049
서부여성회관,2023-12-19,7943,4033,3910
인천가좌,2023-12-19,8556,4303,4253
가재울,2023-12-19,8283,4231,4052
주안국가산단,2023-12-19,5875,2915,2960
주안,2023-12-19,15243,6439,8804
시민공원(문화창작지대),2023-12-19,20140,10333,9807
석바위시장,2023-12-19,9024,4387,4637
인천시청,2023-12-19,6529,3128,3401
석천사거리,2023-12-19,9705,5014,4691
모래내시장,2023-12-19,15965,7738,8227
만수,2023-12-19,9992,5144,4848
남동구청,2023-12-19,8683,4495,4188
인천대공원,2023-12-19,3938,1980,1958
운연(서창),2023-12-19,2434,1306,1128
검단오류(검단산업단지),2023-12-20,6251,3044,3207
왕길,2023-12-20,5405,2698,2707
검단사거리,2023-12-20,17103,8982,8121
마전,2023-12-20,9052,4435,4617
완정,2023-12-20,16515,8574,7941
독정,2023-12-20,9235,4615,4620
검암,2023-12-20,9079,4948,4131
검바위,2023-12-20,7108,3413,3695
아시아드경기장(공촌사거리),2023-12-20,9510,5012,4498
서구청,2023-12-20,17549,8719,8830
가정(루원시티),2023-12-20,24860,12872,11988
가정중앙시장,2023-12-20,12356,6021,6335
석남(거북시장),2023-12-20,6145,2992,3153
서부여성회관,2023-12-20,8076,4157,3919
인천가좌,2023-12-20,8841,4396,4445
가재울,2023-12-20,8546,4333,4213
주안국가산단,2023-12-20,6249,3011,3238
주안,2023-12-20,15686,6608,9078
시민공원(문화창작지대),2023-12-20,20907,10688,10219
석바위시장,2023-12-20,9052,4420,4632
인천시청,2023-12-20,7070,3406,3664
석천사거리,2023-12-20,9977,5180,4797
모래내시장,2023-12-20,15407,7481,7926
만수,2023-12-20,10433,5446,4987
남동구청,2023-12-20,9204,4718,4486
인천대공원,2023-12-20,3420,1767,1653
운연(서창),2023-12-20,2470,1325,1145
검단오류(검단산업단지),2023-12-21,5818,2857,2961
왕길,2023-12-21,4922,2434,2488
검단사거리,2023-12-21,15784,8275,7509
마전,2023-12-21,8440,4119,4321
완정,2023-12-21,15007,7713,7294
독정,2023-12-21,8424,4225,4199
검암,2023-12-21,8273,4480,3793
검바위,2023-12-21,6573,3208,3365
아시아드경기장(공촌사거리),2023-12-21,8710,4631,4079
서구청,2023-12-21,15628,7746,7882
가정(루원시티),2023-12-21,22518,11512,11006
가정중앙시장,2023-12-21,11193,5441,5752
석남(거북시장),2023-12-21,5545,2703,2842
서부여성회관,2023-12-21,7678,3879,3799
인천가좌,2023-12-21,8152,4101,4051
가재울,2023-12-21,7874,4020,3854
주안국가산단,2023-12-21,5695,2736,2959
주안,2023-12-21,14695,6111,8584
시민공원(문화창작지대),2023-12-21,18767,9691,9076
석바위시장,2023-12-21,8224,4000,4224
인천시청,2023-12-21,6137,2957,3180
석천사거리,2023-12-21,8866,4576,4290
모래내시장,2023-12-21,13715,6739,6976
만수,2023-12-21,9366,4856,4510
남동구청,2023-12-21,7980,4068,3912
인천대공원,2023-12-21,2794,1428,1366
운연(서창),2023-12-21,2172,1152,1020
검단오류(검단산업단지),2023-12-22,5532,2700,2832
왕길,2023-12-22,4898,2463,2435
검단사거리,2023-12-22,17128,8947,8181
마전,2023-12-22,8642,4230,4412
완정,2023-12-22,15559,8091,7468
독정,2023-12-22,8868,4414,4454
검암,2023-12-22,8475,4590,3885
검바위,2023-12-22,6829,3351,3478
아시아드경기장(공촌사거리),2023-12-22,9022,4798,4224
서구청,2023-12-22,16621,8227,8394
가정(루원시티),2023-12-22,23355,12033,11322
가정중앙시장,2023-12-22,12213,5925,6288
석남(거북시장),2023-12-22,5859,2838,3021
서부여성회관,2023-12-22,8257,4148,4109
인천가좌,2023-12-22,8366,4173,4193
가재울,2023-12-22,8118,4187,3931
주안국가산단,2023-12-22,5512,2641,2871
주안,2023-12-22,16243,6817,9426
시민공원(문화창작지대),2023-12-22,19658,10106,9552
석바위시장,2023-12-22,9095,4450,4645
인천시청,2023-12-22,6313,3007,3306
석천사거리,2023-12-22,9181,4722,4459
모래내시장,2023-12-22,15339,7525,7814
만수,2023-12-22,9816,5066,4750
남동구청,2023-12-22,8341,4306,4035
인천대공원,2023-12-22,3016,1535,1481
운연(서창),2023-12-22,2298,1246,1052
검단오류(검단산업단지),2023-12-23,1984,1065,919
왕길,2023-12-23,2973,1551,1422
검단사거리,2023-12-23,13217,6869,6348
마전,2023-12-23,5772,2876,2896
완정,2023-12-23,10388,5438,4950
독정,2023-12-23,6246,3065,3181
검암,2023-12-23,5207,2771,2436
검바위,2023-12-23,3823,1894,1929
아시아드경기장(공촌사거리),2023-12-23,5958,3161,2797
서구청,2023-12-23,10827,5369,5458
가정(루원시티),2023-12-23,13927,7224,6703
가정중앙시장,2023-12-23,9573,4653,4920
석남(거북시장),2023-12-23,4384,2087,2297
서부여성회관,2023-12-23,5868,2936,2932
인천가좌,2023-12-23,4729,2460,2269
가재울,2023-12-23,4403,2298,2105
주안국가산단,2023-12-23,1468,724,744
주안,2023-12-23,12068,4868,7200
시민공원(문화창작지대),2023-12-23,13514,6942,6572
석바위시장,2023-12-23,6228,3042,3186
인천시청,2023-12-23,4059,1862,2197
석천사거리,2023-12-23,6190,3247,2943
모래내시장,2023-12-23,12112,5993,6119
만수,2023-12-23,7108,3661,3447
남동구청,2023-12-23,5775,3002,2773
인천대공원,2023-12-23,3150,1614,1536
운연(서창),2023-12-23,1508,807,701
검단오류(검단산업단지),2023-12-24,1315,713,602
왕길,2023-12-24,2110,1106,1004
검단사거리,2023-12-24,10632,5376,5256
마전,2023-12-24,4326,2197,2129
완정,2023-12-24,7793,4030,3763
독정,2023-12-24,4395,2218,2177
검암,2023-12-24,4072,2221,1851
검바위,2023-12-24,3103,1512,1591
아시아드경기장(공촌사거리),2023-12-24,5093,2670,2423
서구청,2023-12-24,8589,4274,4315
가정(루원시티),2023-12-24,11434,5807,5627
가정중앙시장,2023-12-24,7874,3927,3947
석남(거북시장),2023-12-24,3754,1783,1971
서부여성회관,2023-12-24,5362,2749,2613
인천가좌,2023-12-24,3665,1861,1804
가재울,2023-12-24,3708,1899,1809
주안국가산단,2023-12-24,762,381,381
주안,2023-12-24,10083,4025,6058
시민공원(문화창작지대),2023-12-24,11184,5733,5451
석바위시장,2023-12-24,5372,2659,2713
인천시청,2023-12-24,3557,1691,1866
석천사거리,2023-12-24,5038,2670,2368
모래내시장,2023-12-24,10208,5036,5172
만수,2023-12-24,6149,3201,2948
남동구청,2023-12-24,4546,2384,2162
인천대공원,2023-12-24,4327,2185,2142
운연(서창),2023-12-24,1211,632,579
검단오류(검단산업단지),2023-12-25,1334,647,687
왕길,2023-12-25,2350,1196,1154
검단사거리,2023-12-25,10843,5383,5460
마전,2023-12-25,4669,2326,2343
완정,2023-12-25,8041,4125,3916
독정,2023-12-25,4940,2459,2481
검암,2023-12-25,4146,2129,2017
검바위,2023-12-25,3001,1434,1567
아시아드경기장(공촌사거리),2023-12-25,4904,2596,2308
서구청,2023-12-25,8175,4120,4055
가정(루원시티),2023-12-25,11141,5666,5475
가정중앙시장,2023-12-25,7943,3929,4014
석남(거북시장),2023-12-25,3597,1675,1922
서부여성회관,2023-12-25,4995,2593,2402
인천가좌,2023-12-25,3624,1859,1765
가재울,2023-12-25,3609,1782,1827
주안국가산단,2023-12-25,972,435,537
주안,2023-12-25,9840,3934,5906
시민공원(문화창작지대),2023-12-25,10860,5589,5271
석바위시장,2023-12-25,4691,2305,2386
인천시청,2023-12-25,3384,1595,1789
석천사거리,2023-12-25,5121,2754,2367
모래내시장,2023-12-25,9707,4779,4928
만수,2023-12-25,5953,3107,2846
남동구청,2023-12-25,4292,2237,2055
인천대공원,2023-12-25,3893,1948,1945
운연(서창),2023-12-25,1104,591,513
검단오류(검단산업단지),2023-12-26,5754,2839,2915
왕길,2023-12-26,5180,2606,2574
검단사거리,2023-12-26,16301,8533,7768
마전,2023-12-26,8412,4051,4361
완정,2023-12-26,15314,7829,7485
독정,2023-12-26,8627,4324,4303
검암,2023-12-26,8282,4509,3773
검바위,2023-12-26,6791,3282,3509
아시아드경기장(공촌사거리),2023-12-26,8833,4646,4187
서구청,2023-12-26,16862,8418,8444
가정(루원시티),2023-12-26,22642,11593,11049
가정중앙시장,2023-12-26,11945,5822,6123
석남(거북시장),2023-12-26,5991,2909,3082
서부여성회관,2023-12-26,7729,3948,3781
인천가좌,2023-12-26,8551,4323,4228
가재울,2023-12-26,8048,4108,3940
주안국가산단,2023-12-26,5506,2701,2805
주안,2023-12-26,15189,6473,8716
시민공원(문화창작지대),2023-12-26,19807,10216,9591
석바위시장,2023-12-26,9111,4427,4684
인천시청,2023-12-26,6414,3054,3360
석천사거리,2023-12-26,9299,4776,4523
모래내시장,2023-12-26,15839,7754,8085
만수,2023-12-26,9971,5139,4832
남동구청,2023-12-26,8540,4414,4126
인천대공원,2023-12-26,4217,2133,2084
운연(서창),2023-12-26,2373,1241,1132
검단오류(검단산업단지),2023-12-27,5933,2924,3009
왕길,2023-12-27,5239,2649,2590
검단사거리,2023-12-27,16811,8778,8033
마전,2023-12-27,8576,4250,4326
완정,2023-12-27,15797,8128,7669
독정,2023-12-27,8787,4449,4338
검암,2023-12-27,8556,4613,3943
검바위,2023-12-27,6935,3402,3533
아시아드경기장(공촌사거리),2023-12-27,9451,5007,4444
서구청,2023-12-27,17577,8717,8860
가정(루원시티),2023-12-27,23768,12238,11530
가정중앙시장,2023-12-27,12560,6054,6506
석남(거북시장),2023-12-27,6119,2984,3135
서부여성회관,2023-12-27,8026,4113,3913
인천가좌,2023-12-27,8791,4406,4385
가재울,2023-12-27,8156,4186,3970
주안국가산단,2023-12-27,5679,2735,2944
주안,2023-12-27,15437,6462,8975
시민공원(문화창작지대),2023-12-27,20302,10297,10005
석바위시장,2023-12-27,9510,4663,4847
인천시청,2023-12-27,6926,3290,3636
석천사거리,2023-12-27,9446,4948,4498
모래내시장,2023-12-27,16005,7782,8223
만수,2023-12-27,10218,5288,4930
남동구청,2023-12-27,8719,4574,4145
인천대공원,2023-12-27,4197,2135,2062
운연(서창),2023-12-27,2374,1281,1093
검단오류(검단산업단지),2023-12-28,5759,2764,2995
왕길,2023-12-28,5220,2615,2605
검단사거리,2023-12-28,16577,8694,7883
마전,2023-12-28,8342,4079,4263
완정,2023-12-28,15679,8085,7594
독정,2023-12-28,8816,4451,4365
검암,2023-12-28,8521,4583,3938
검바위,2023-12-28,6896,3318,3578
아시아드경기장(공촌사거리),2023-12-28,9151,4831,4320
서구청,2023-12-28,17003,8419,8584
가정(루원시티),2023-12-28,23147,11945,11202
가정중앙시장,2023-12-28,12547,6051,6496
석남(거북시장),2023-12-28,5972,2914,3058
서부여성회관,2023-12-28,8184,4176,4008
인천가좌,2023-12-28,8437,4221,4216
가재울,2023-12-28,8004,4097,3907
주안국가산단,2023-12-28,5599,2700,2899
주안,2023-12-28,15465,6576,8889
시민공원(문화창작지대),2023-12-28,20219,10344,9875
석바위시장,2023-12-28,9086,4416,4670
인천시청,2023-12-28,6615,3171,3444
석천사거리,2023-12-28,9378,4883,4495
모래내시장,2023-12-28,15632,7625,8007
만수,2023-12-28,10116,5222,4894
남동구청,2023-12-28,8665,4485,4180
인천대공원,2023-12-28,4076,2083,1993
운연(서창),2023-12-28,2401,1302,1099
검단오류(검단산업단지),2023-12-29,5066,2445,2621
왕길,2023-12-29,5246,2697,2549
검단사거리,2023-12-29,17460,9106,8354
마전,2023-12-29,8500,4189,4311
완정,2023-12-29,15691,8195,7496
독정,2023-12-29,8838,4421,4417
검암,2023-12-29,8323,4579,3744
검바위,2023-12-29,7329,3635,3694
아시아드경기장(공촌사거리),2023-12-29,9117,4810,4307
서구청,2023-12-29,17675,8721,8954
가정(루원시티),2023-12-29,22810,11816,10994
가정중앙시장,2023-12-29,13294,6386,6908
석남(거북시장),2023-12-29,6219,2969,3250
서부여성회관,2023-12-29,8387,4315,4072
인천가좌,2023-12-29,8371,4136,4235
가재울,2023-12-29,8008,4130,3878
주안국가산단,2023-12-29,5094,2434,2660
주안,2023-12-29,15757,6659,9098
시민공원(문화창작지대),2023-12-29,19958,10235,9723
석바위시장,2023-12-29,9356,4562,4794
인천시청,2023-12-29,6327,3007,3320
석천사거리,2023-12-29,9213,4830,4383
모래내시장,2023-12-29,16129,7850,8279
만수,2023-12-29,10167,5271,4896
남동구청,2023-12-29,8729,4535,4194
인천대공원,2023-12-29,4298,2214,2084
운연(서창),2023-12-29,2404,1300,1104
검단오류(검단산업단지),2023-12-30,1611,884,727
왕길,2023-12-30,3133,1626,1507
검단사거리,2023-12-30,13170,6839,6331
마전,2023-12-30,6084,3079,3005
완정,2023-12-30,10472,5486,4986
독정,2023-12-30,5887,2981,2906
검암,2023-12-30,5478,2995,2483
검바위,2023-12-30,3532,1759,1773
아시아드경기장(공촌사거리),2023-12-30,5670,3063,2607
서구청,2023-12-30,10505,5152,5353
가정(루원시티),2023-12-30,13591,7025,6566
가정중앙시장,2023-12-30,9311,4524,4787
석남(거북시장),2023-12-30,4121,1982,2139
서부여성회관,2023-12-30,5546,2745,2801
인천가좌,2023-12-30,4336,2181,2155
가재울,2023-12-30,4284,2201,2083
주안국가산단,2023-12-30,1261,609,652
주안,2023-12-30,11040,4438,6602
시민공원(문화창작지대),2023-12-30,12957,6586,6371
석바위시장,2023-12-30,5907,2922,2985
인천시청,2023-12-30,3830,1835,1995
석천사거리,2023-12-30,5957,3074,2883
모래내시장,2023-12-30,11007,5398,5609
만수,2023-12-30,6794,3479,3315
남동구청,2023-12-30,4889,2544,2345
인천대공원,2023-12-30,2829,1429,1400
운연(서창),2023-12-30,1406,741,665
검단오류(검단산업단지),2023-12-31,1285,701,584
왕길,2023-12-31,1930,1020,910
검단사거리,2023-12-31,10761,5459,5302
마전,2023-12-31,4187,2160,2027
완정,2023-12-31,7419,3894,3525
독정,2023-12-31,4761,2427,2334
검암,2023-12-31,3909,2179,1730
검바위,2023-12-31,2937,1498,1439
아시아드경기장(공촌사거리),2023-12-31,5069,2717,2352
서구청,2023-12-31,8165,4093,4072
가정(루원시티),2023-12-31,9794,4926,4868
가정중앙시장,2023-12-31,8015,4002,4013
석남(거북시장),2023-12-31,3474,1689,1785
서부여성회관,2023-12-31,5300,2702,2598
인천가좌,2023-12-31,3310,1762,1548
가재울,2023-12-31,3414,1767,1647
주안국가산단,2023-12-31,683,354,329
주안,2023-12-31,9441,3958,5483
시민공원(문화창작지대),2023-12-31,10319,5285,5034
석바위시장,2023-12-31,5104,2474,2630
인천시청,2023-12-31,3399,1593,1806
석천사거리,2023-12-31,4554,2462,2092
모래내시장,2023-12-31,9765,4867,4898
만수,2023-12-31,5897,3046,2851
남동구청,2023-12-31,4315,2262,2053
인천대공원,2023-12-31,3280,1653,1627
운연(서창),2023-12-31,1125,604,521
검단오류(검단산업단지),2024-01-01,1169,544,625
왕길,2024-01-01,1708,846,862
검단사거리,2024-01-01,8730,4259,4471
마전,2024-01-01,3149,1513,1636
완정,2024-01-01,5937,2907,3030
독정,2024-01-01,3883,1795,2088
검암,2024-01-01,3268,1706,1562
검바위,2024-01-01,2281,1055,1226
아시아드경기장(공촌사거리),2024-01-01,3873,2036,1837
서구청,2024-01-01,6370,3230,3140
가정(루원시티),2024-01-01,7545,3777,3768
가정중앙시장,2024-01-01,6179,3022,3157
석남(거북시장),2024-01-01,2938,1370,1568
서부여성회관,2024-01-01,3733,1921,1812
인천가좌,2024-01-01,2834,1391,1443
가재울,2024-01-01,2499,1239,1260
주안국가산단,2024-01-01,597,273,324
주안,2024-01-01,7964,3285,4679
시민공원(문화창작지대),2024-01-01,8311,4351,3960
석바위시장,2024-01-01,3387,1630,1757
인천시청,2024-01-01,2536,1169,1367
석천사거리,2024-01-01,3875,2047,1828
모래내시장,2024-01-01,8167,3964,4203
만수,2024-01-01,4673,2419,2254
남동구청,2024-01-01,3397,1758,1639
인천대공원,2024-01-01,5464,2723,2741
운연(서창),2024-01-01,1002,508,494
검단오류(검단산업단지),2024-01-02,5777,2856,2921
왕길,2024-01-02,4932,2497,2435
검단사거리,2024-01-02,15457,7979,7478
마전,2024-01-02,8016,3913,4103
완정,2024-01-02,14235,7286,6949
독정,2024-01-02,8383,4240,4143
검암,2024-01-02,8254,4430,3824
검바위,2024-01-02,5823,2784,3039
아시아드경기장(공촌사거리),2024-01-02,8213,4408,3805
서구청,2024-01-02,15756,7806,7950
가정(루원시티),2024-01-02,21440,11054,10386
가정중앙시장,2024-01-02,11259,5417,5842
석남(거북시장),2024-01-02,5588,2762,2826
서부여성회관,2024-01-02,7420,3803,3617
인천가좌,2024-01-02,7780,3893,3887
가재울,2024-01-02,7648,3923,3725
주안국가산단,2024-01-02,5459,2700,2759
주안,2024-01-02,14136,5996,8140
시민공원(문화창작지대),2024-01-02,18914,9722,9192
석바위시장,2024-01-02,8420,4142,4278
인천시청,2024-01-02,6088,2912,3176
석천사거리,2024-01-02,8931,4645,4286
모래내시장,2024-01-02,14502,7144,7358
만수,2024-01-02,9507,4909,4598
남동구청,2024-01-02,7707,3958,3749
인천대공원,2024-01-02,4240,2155,2085
운연(서창),2024-01-02,2151,1156,995
검단오류(검단산업단지),2024-01-03,6117,3014,3103
왕길,2024-01-03,4947,2468,2479
검단사거리,2024-01-03,15558,8119,7439
마전,2024-01-03,8373,4062,4311
완정,2024-01-03,14868,7624,7244
독정,2024-01-03,8392,4243,4149
검암,2024-01-03,8367,4505,3862
검바위,2024-01-03,5894,2826,3068
아시아드경기장(공촌사거리),2024-01-03,8589,4535,4054
서구청,2024-01-03,15889,7843,8046
가정(루원시티),2024-01-03,22378,11472,10906
가정중앙시장,2024-01-03,12066,5897,6169
석남(거북시장),2024-01-03,5835,2836,2999
서부여성회관,2024-01-03,8081,4100,3981
인천가좌,2024-01-03,7944,3981,3963
가재울,2024-01-03,7961,4112,3849
주안국가산단,2024-01-03,5760,2834,2926
주안,2024-01-03,14512,6119,8393
시민공원(문화창작지대),2024-01-03,19498,9984,9514
석바위시장,2024-01-03,8719,4234,4485
인천시청,2024-01-03,6305,3045,3260
석천사거리,2024-01-03,9114,4732,4382
모래내시장,2024-01-03,14675,7137,7538
만수,2024-01-03,9705,4995,4710
남동구청,2024-01-03,7856,4091,3765
인천대공원,2024-01-03,3707,1888,1819
운연(서창),2024-01-03,2346,1247,1099
검단오류(검단산업단지),2024-01-04,6071,2981,3090
왕길,2024-01-04,5126,2581,2545
검단사거리,2024-01-04,15684,8144,7540
마전,2024-01-04,8332,4089,4243
완정,2024-01-04,14816,7655,7161
독정,2024-01-04,8422,4260,4162
검암,2024-01-04,8437,4561,3876
검바위,2024-01-04,6179,2967,3212
아시아드경기장(공촌사거리),2024-01-04,8531,4522,4009
서구청,2024-01-04,16266,8062,8204
가정(루원시티),2024-01-04,22434,11543,10891
가정중앙시장,2024-01-04,12163,5930,6233
석남(거북시장),2024-01-04,5911,2907,3004
서부여성회관,2024-01-04,7932,4016,3916
인천가좌,2024-01-04,8182,4109,4073
가재울,2024-01-04,7955,4091,3864
주안국가산단,2024-01-04,5797,2856,2941
주안,2024-01-04,14878,6318,8560
시민공원(문화창작지대),2024-01-04,19685,10097,9588
석바위시장,2024-01-04,8498,4187,4311
인천시청,2024-01-04,6429,3039,3390
석천사거리,2024-01-04,9111,4760,4351
모래내시장,2024-01-04,15312,7424,7888
만수,2024-01-04,9579,4912,4667
남동구청,2024-01-04,8167,4209,3958
인천대공원,2024-01-04,4371,2223,2148
운연(서창),2024-01-04,2355,1268,1087
검단오류(검단산업단지),2024-01-05,5917,2894,3023
왕길,2024-01-05,5043,2561,2482
검단사거리,2024-01-05,16925,8882,8043
마전,2024-01-05,8693,4278,4415
완정,2024-01-05,15291,7878,7413
독정,2024-01-05,8934,4472,4462
검암,2024-01-05,8694,4777,3917
검바위,2024-01-05,5696,2774,2922
아시아드경기장(공촌사거리),2024-01-05,8688,4707,3981
서구청,2024-01-05,17297,8512,8785
가정(루원시티),2024-01-05,23018,11898,11120
가정중앙시장,2024-01-05,12370,5990,6380
석남(거북시장),2024-01-05,5997,2937,3060
서부여성회관,2024-01-05,8591,4286,4305
인천가좌,2024-01-05,8274,4154,4120
가재울,2024-01-05,8102,4215,3887
주안국가산단,2024-01-05,5781,2838,2943
주안,2024-01-05,15366,6439,8927
시민공원(문화창작지대),2024-01-05,20336,10403,9933
석바위시장,2024-01-05,9107,4390,4717
인천시청,2024-01-05,6632,3140,3492
석천사거리,2024-01-05,9080,4809,4271
모래내시장,2024-01-05,16240,7917,8323
만수,2024-01-05,9932,5122,4810
남동구청,2024-01-05,8500,4445,4055
인천대공원,2024-01-05,4517,2301,2216
운연(서창),2024-01-05,2439,1336,1103
검단오류(검단산업단지),2024-01-06,1911,1045,866
왕길,2024-01-06,3001,1540,1461
검단사거리,2024-01-06,12927,6667,6260
마전,2024-01-06,5745,2853,2892
완정,2024-01-06,10257,5320,4937
독정,2024-01-06,6029,3052,2977
검암,2024-01-06,5528,2965,2563
검바위,2024-01-06,4161,1991,2170
아시아드경기장(공촌사거리),2024-01-06,6414,3376,3038
서구청,2024-01-06,10788,5285,5503
가정(루원시티),2024-01-06,14434,7501,6933
가정중앙시장,2024-01-06,9986,4923,5063
석남(거북시장),2024-01-06,4697,2195,2502
서부여성회관,2024-01-06,6073,3103,2970
인천가좌,2024-01-06,4802,2448,2354
가재울,2024-01-06,4607,2363,2244
주안국가산단,2024-01-06,1494,756,738
주안,2024-01-06,12317,4999,7318
시민공원(문화창작지대),2024-01-06,14060,7129,6931
석바위시장,2024-01-06,6421,3182,3239
인천시청,2024-01-06,4476,2040,2436
석천사거리,2024-01-06,6151,3185,2966
모래내시장,2024-01-06,12997,6377,6620
만수,2024-01-06,7556,3867,3689
남동구청,2024-01-06,5567,2888,2679
인천대공원,2024-01-06,5119,2625,2494
운연(서창),2024-01-06,1575,842,733
검단오류(검단산업단지),2024-01-07,1162,586,576
왕길,2024-01-07,1951,985,966
검단사거리,2024-01-07,9380,4704,4676
마전,2024-01-07,4163,2022,2141
완정,2024-01-07,6973,3518,3455
독정,2024-01-07,4276,2122,2154
검암,2024-01-07,3780,1999,1781
검바위,2024-01-07,2921,1385,1536
아시아드경기장(공촌사거리),2024-01-07,4692,2465,2227
서구청,2024-01-07,7550,3785,3765
가정(루원시티),2024-01-07,9862,4937,4925
가정중앙시장,2024-01-07,6613,3262,3351
석남(거북시장),2024-01-07,3280,1525,1755
서부여성회관,2024-01-07,4554,2330,2224
인천가좌,2024-01-07,3182,1615,1567
가재울,2024-01-07,3172,1590,1582
주안국가산단,2024-01-07,739,350,389
주안,2024-01-07,8507,3495,5012
시민공원(문화창작지대),2024-01-07,10095,5193,4902
석바위시장,2024-01-07,4667,2291,2376
인천시청,2024-01-07,3325,1549,1776
석천사거리,2024-01-07,4474,2324,2150
모래내시장,2024-01-07,8837,4378,4459
만수,2024-01-07,5237,2692,2545
남동구청,2024-01-07,3839,1968,1871
인천대공원,2024-01-07,3563,1786,1777
운연(서창),2024-01-07,1104,565,539
검단오류(검단산업단지),2024-01-08,5919,2897,3022
왕길,2024-01-08,4985,2490,2495
검단사거리,2024-01-08,15331,8023,7308
마전,2024-01-08,8093,3867,4226
완정,2024-01-08,14190,7312,6878
독정,2024-01-08,7691,3820,3871
검암,2024-01-08,8140,4352,3788
검바위,2024-01-08,5363,2543,2820
아시아드경기장(공촌사거리),2024-01-08,8192,4355,3837
서구청,2024-01-08,15361,7599,7762
가정(루원시티),2024-01-08,21537,11094,10443
가정중앙시장,2024-01-08,11111,5396,5715
석남(거북시장),2024-01-08,5556,2702,2854
서부여성회관,2024-01-08,7562,3867,3695
인천가좌,2024-01-08,7881,3934,3947
가재울,2024-01-08,7854,4034,3820
주안국가산단,2024-01-08,5811,2880,2931
주안,2024-01-08,14198,6122,8076
시민공원(문화창작지대),2024-01-08,18712,9602,9110
석바위시장,2024-01-08,8534,4191,4343
인천시청,2024-01-08,5894,2840,3054
석천사거리,2024-01-08,8515,4421,4094
모래내시장,2024-01-08,14096,6853,7243
만수,2024-01-08,8901,4637,4264
남동구청,2024-01-08,7865,4109,3756
인천대공원,2024-01-08,3237,1641,1596
운연(서창),2024-01-08,2155,1159,996
검단오류(검단산업단지),2024-01-09,6338,3144,3194
왕길,2024-01-09,5231,2607,2624
검단사거리,2024-01-09,16262,8444,7818
마전,2024-01-09,8680,4230,4450
완정,2024-01-09,15582,8024,7558
독정,2024-01-09,8117,4024,4093
검암,2024-01-09,8813,4749,4064
검바위,2024-01-09,5583,2716,2867
아시아드경기장(공촌사거리),2024-01-09,8669,4652,4017
서구청,2024-01-09,16805,8317,8488
가정(루원시티),2024-01-09,23356,12036,11320
가정중앙시장,2024-01-09,11761,5744,6017
석남(거북시장),2024-01-09,5882,2854,3028
서부여성회관,2024-01-09,7911,4012,3899
인천가좌,2024-01-09,8468,4233,4235
가재울,2024-01-09,8306,4277,4029
주안국가산단,2024-01-09,6372,3149,3223
주안,2024-01-09,14935,6363,8572
시민공원(문화창작지대),2024-01-09,20026,10269,9757
석바위시장,2024-01-09,9086,4419,4667
인천시청,2024-01-09,6360,2980,3380
석천사거리,2024-01-09,9642,5042,4600
모래내시장,2024-01-09,14158,6880,7278
만수,2024-01-09,9283,4741,4542
남동구청,2024-01-09,8448,4335,4113
인천대공원,2024-01-09,3419,1740,1679
운연(서창),2024-01-09,2299,1240,1059
검단오류(검단산업단지),2024-01-10,6046,2985,3061
왕길,2024-01-10,5153,2558,2595
검단사거리,2024-01-10,16014,8370,7644
마전,2024-01-10,8332,4039,4293
완정,2024-01-10,15085,7753,7332
독정,2024-01-10,8010,4028,3982
검암,2024-01-10,8544,4587,3957
검바위,2024-01-10,5542,2634,2908
아시아드경기장(공촌사거리),2024-01-10,8738,4665,4073
서구청,2024-01-10,17071,8472,8599
가정(루원시티),2024-01-10,22775,11746,11029
가정중앙시장,2024-01-10,12271,5959,6312
석남(거북시장),2024-01-10,6042,2962,3080
서부여성회관,2024-01-10,8353,4232,4121
인천가좌,2024-01-10,8535,4258,4277
가재울,2024-01-10,8352,4249,4103
주안국가산단,2024-01-10,5976,2927,3049
주안,2024-01-10,14990,6371,8619
시민공원(문화창작지대),2024-01-10,20283,10482,9801
석바위시장,2024-01-10,9030,4381,4649
인천시청,2024-01-10,6564,3108,3456
석천사거리,2024-01-10,9286,4806,4480
모래내시장,2024-01-10,15242,7467,7775
만수,2024-01-10,9730,5018,4712
남동구청,2024-01-10,8718,4514,4204
인천대공원,2024-01-10,3889,1995,1894
운연(서창),2024-01-10,2318,1257,1061
검단오류(검단산업단지),2024-01-11,6016,2955,3061
왕길,2024-01-11,5123,2604,2519
검단사거리,2024-01-11,15876,8288,7588
마전,2024-01-11,8572,4107,4465
완정,2024-01-11,15042,7783,7259
독정,2024-01-11,8070,4071,3999
검암,2024-01-11,8464,4646,3818
검바위,2024-01-11,5558,2688,2870
아시아드경기장(공촌사거리),2024-01-11,8519,4549,3970
서구청,2024-01-11,17039,8417,8622
가정(루원시티),2024-01-11,22672,11729,10943
가정중앙시장,2024-01-11,12194,5931,6263
석남(거북시장),2024-01-11,5990,2897,3093
서부여성회관,2024-01-11,8259,4193,4066
인천가좌,2024-01-11,8157,4085,4072
가재울,2024-01-11,8139,4175,3964
주안국가산단,2024-01-11,5752,2825,2927
주안,2024-01-11,14862,6338,8524
시민공원(문화창작지대),2024-01-11,19740,10138,9602
석바위시장,2024-01-11,8875,4298,4577
인천시청,2024-01-11,6543,3120,3423
석천사거리,2024-01-11,9270,4766,4504
모래내시장,2024-01-11,15398,7480,7918
만수,2024-01-11,9547,4910,4637
남동구청,2024-01-11,8824,4547,4277
인천대공원,2024-01-11,4313,2171,2142
운연(서창),2024-01-11,2398,1253,1145
검단오류(검단산업단지),2024-01-12,6042,3037,3005
왕길,2024-01-12,5177,2647,2530
검단사거리,2024-01-12,17220,8883,8337
마전,2024-01-12,8515,4197,4318
완정,2024-01-12,15876,8198,7678
독정,2024-01-12,8303,4178,4125
검암,2024-01-12,8623,4711,3912
검바위,2024-01-12,5958,2948,3010
아시아드경기장(공촌사거리),2024-01-12,8753,4721,4032
서구청,2024-01-12,18565,9060,9505
가정(루원시티),2024-01-12,23534,12157,11377
가정중앙시장,2024-01-12,12856,6204,6652
석남(거북시장),2024-01-12,6056,2945,3111
서부여성회관,2024-01-12,8731,4420,4311
인천가좌,2024-01-12,8278,4189,4089
가재울,2024-01-12,8367,4309,4058
주안국가산단,2024-01-12,5764,2824,2940
주안,2024-01-12,15866,6706,9160
시민공원(문화창작지대),2024-01-12,20232,10403,9829
석바위시장,2024-01-12,9224,4474,4750
인천시청,2024-01-12,6519,3149,3370
석천사거리,2024-01-12,9243,4852,4391
모래내시장,2024-01-12,16285,7928,8357
만수,2024-01-12,10164,5256,4908
남동구청,2024-01-12,8808,4560,4248
인천대공원,2024-01-12,4555,2304,2251
운연(서창),2024-01-12,2549,1364,1185
검단오류(검단산업단지),2024-01-13,2146,1171,975
왕길,2024-01-13,3046,1545,1501
검단사거리,2024-01-13,13366,6991,6375
마전,2024-01-13,5905,2945,2960
완정,2024-01-13,10378,5457,4921
독정,2024-01-13,6195,3112,3083
검암,2024-01-13,5380,2880,2500
검바위,2024-01-13,3878,1869,2009
아시아드경기장(공촌사거리),2024-01-13,6653,3563,3090
서구청,2024-01-13,11195,5485,5710
가정(루원시티),2024-01-13,15058,7775,7283
가정중앙시장,2024-01-13,10314,5055,5259
석남(거북시장),2024-01-13,4743,2289,2454
서부여성회관,2024-01-13,6033,3054,2979
인천가좌,2024-01-13,4813,2446,2367
가재울,2024-01-13,4622,2374,2248
주안국가산단,2024-01-13,1496,728,768
주안,2024-01-13,12989,5291,7698
시민공원(문화창작지대),2024-01-13,14493,7484,7009
석바위시장,2024-01-13,6884,3347,3537
인천시청,2024-01-13,4578,2147,2431
석천사거리,2024-01-13,6372,3372,3000
모래내시장,2024-01-13,13898,6731,7167
만수,2024-01-13,7888,4063,3825
남동구청,2024-01-13,6157,3153,3004
인천대공원,2024-01-13,5534,2809,2725
운연(서창),2024-01-13,1694,891,803
검단오류(검단산업단지),2024-01-14,1165,558,607
왕길,2024-01-14,1814,934,880
검단사거리,2024-01-14,9015,4459,4556
마전,2024-01-14,3820,1841,1979
완정,2024-01-14,6769,3390,3379
독정,2024-01-14,3543,1748,1795
검암,2024-01-14,3508,1842,1666
검바위,2024-01-14,2772,1316,1456
아시아드경기장(공촌사거리),2024-01-14,4339,2326,2013
서구청,2024-01-14,7275,3664,3611
가정(루원시티),2024-01-14,9417,4742,4675
가정중앙시장,2024-01-14,6425,3147,3278
석남(거북시장),2024-01-14,3067,1451,1616
서부여성회관,2024-01-14,4376,2269,2107
인천가좌,2024-01-14,2974,1440,1534
가재울,2024-01-14,3106,1568,1538
주안국가산단,2024-01-14,633,302,331
주안,2024-01-14,8235,3358,4877
시민공원(문화창작지대),2024-01-14,9899,5064,4835
석바위시장,2024-01-14,4519,2207,2312
인천시청,2024-01-14,3033,1435,1598
석천사거리,2024-01-14,4201,2171,2030
모래내시장,2024-01-14,8159,3985,4174
만수,2024-01-14,5112,2608,2504
남동구청,2024-01-14,4128,2121,2007
인천대공원,2024-01-14,2776,1404,1372
운연(서창),2024-01-14,1096,573,523
검단오류(검단산업단지),2024-01-15,5966,2895,3071
왕길,2024-01-15,4657,2345,2312
검단사거리,2024-01-15,15275,7957,7318
마전,2024-01-15,7899,3863,4036
완정,2024-01-15,14383,7414,6969
독정,2024-01-15,7799,3904,3895
검암,2024-01-15,8284,4529,3755
검바위,2024-01-15,5268,2503,2765
아시아드경기장(공촌사거리),2024-01-15,8455,4509,3946
서구청,2024-01-15,16307,8053,8254
가정(루원시티),2024-01-15,21445,11065,10380
가정중앙시장,2024-01-15,11461,5601,5860
석남(거북시장),2024-01-15,5801,2867,2934
서부여성회관,2024-01-15,7532,3836,3696
인천가좌,2024-01-15,7978,4032,3946
가재울,2024-01-15,7919,4025,3894
주안국가산단,2024-01-15,5673,2825,2848
주안,2024-01-15,14179,6074,8105
시민공원(문화창작지대),2024-01-15,18969,9658,9311
석바위시장,2024-01-15,8606,4229,4377
인천시청,2024-01-15,5938,2869,3069
석천사거리,2024-01-15,8782,4510,4272
모래내시장,2024-01-15,14613,7150,7463
만수,2024-01-15,9161,4683,4478
남동구청,2024-01-15,8221,4238,3983
인천대공원,2024-01-15,3816,1942,1874
운연(서창),2024-01-15,2212,1169,1043
검단오류(검단산업단지),2024-01-16,5942,2917,3025
왕길,2024-01-16,4895,2500,2395
검단사거리,2024-01-16,15561,8082,7479
마전,2024-01-16,7952,3879,4073
완정,2024-01-16,14589,7511,7078
독정,2024-01-16,7890,3903,3987
검암,2024-01-16,8451,4591,3860
검바위,2024-01-16,5257,2514,2743
아시아드경기장(공촌사거리),2024-01-16,8464,4479,3985
서구청,2024-01-16,16973,8387,8586
가정(루원시티),2024-01-16,22192,11447,10745
가정중앙시장,2024-01-16,11946,5814,6132
석남(거북시장),2024-01-16,5835,2824,3011
서부여성회관,2024-01-16,7822,3975,3847
인천가좌,2024-01-16,8056,4046,4010
가재울,2024-01-16,8115,4173,3942
주안국가산단,2024-01-16,5781,2852,2929
주안,2024-01-16,14838,6314,8524
시민공원(문화창작지대),2024-01-16,19511,10050,9461
석바위시장,2024-01-16,8901,4335,4566
인천시청,2024-01-16,6218,2961,3257
석천사거리,2024-01-16,9196,4801,4395
모래내시장,2024-01-16,15412,7489,7923
만수,2024-01-16,9421,4780,4641
남동구청,2024-01-16,8443,4394,4049
인천대공원,2024-01-16,4201,2170,2031
운연(서창),2024-01-16,2368,1272,1096
검단오류(검단산업단지),2024-01-17,5999,2971,3028
왕길,2024-01-17,4826,2449,2377
검단사거리,2024-01-17,15399,7989,7410
마전,2024-01-17,8063,3889,4174
완정,2024-01-17,14458,7447,7011
독정,2024-01-17,7692,3845,3847
검암,2024-01-17,8436,4443,3993
검바위,2024-01-17,5477,2633,2844
아시아드경기장(공촌사거리),2024-01-17,8579,4564,4015
서구청,2024-01-17,16106,8002,8104
가정(루원시티),2024-01-17,22294,11448,10846
가정중앙시장,2024-01-17,11611,5687,5924
석남(거북시장),2024-01-17,5750,2771,2979
서부여성회관,2024-01-17,7974,4024,3950
인천가좌,2024-01-17,8031,4012,4019
가재울,2024-01-17,8088,4144,3944
주안국가산단,2024-01-17,5876,2918,2958
주안,2024-01-17,14245,5945,8300
시민공원(문화창작지대),2024-01-17,19600,10025,9575
석바위시장,2024-01-17,8807,4219,4588
인천시청,2024-01-17,6211,2997,3214
석천사거리,2024-01-17,9112,4597,4515
모래내시장,2024-01-17,14184,6953,7231
만수,2024-01-17,9286,4674,4612
남동구청,2024-01-17,8433,4377,4056
인천대공원,2024-01-17,3296,1674,1622
운연(서창),2024-01-17,2251,1194,1057
검단오류(검단산업단지),2024-01-18,6063,2986,3077
왕길,2024-01-18,4944,2482,2462
검단사거리,2024-01-18,15455,8053,7402
마전,2024-01-18,7979,3870,4109
완정,2024-01-18,14827,7586,7241
독정,2024-01-18,8076,4044,4032
검암,2024-01-18,8412,4547,3865
검바위,2024-01-18,5584,2685,2899
아시아드경기장(공촌사거리),2024-01-18,8588,4597,3991
서구청,2024-01-18,17101,8455,8646
가정(루원시티),2024-01-18,22406,11500,10906
가정중앙시장,2024-01-18,12448,6066,6382
석남(거북시장),2024-01-18,5948,2891,3057
서부여성회관,2024-01-18,8296,4185,4111
인천가좌,2024-01-18,8196,4091,4105
가재울,2024-01-18,8196,4233,3963
주안국가산단,2024-01-18,5892,2876,3016
주안,2024-01-18,15072,6415,8657
시민공원(문화창작지대),2024-01-18,19538,10031,9507
석바위시장,2024-01-18,9227,4465,4762
인천시청,2024-01-18,6625,3142,3483
석천사거리,2024-01-18,9215,4783,4432
모래내시장,2024-01-18,16008,7863,8145
만수,2024-01-18,9678,4956,4722
남동구청,2024-01-18,8627,4485,4142
인천대공원,2024-01-18,4863,2502,2361
운연(서창),2024-01-18,2405,1287,1118
검단오류(검단산업단지),2024-01-19,5901,2897,3004
왕길,2024-01-19,5001,2586,2415
검단사거리,2024-01-19,17091,8940,8151
마전,2024-01-19,8176,3983,4193
완정,2024-01-19,15268,7881,7387
독정,2024-01-19,8284,4172,4112
검암,2024-01-19,8464,4597,3867
검바위,2024-01-19,5744,2834,2910
아시아드경기장(공촌사거리),2024-01-19,8733,4672,4061
서구청,2024-01-19,18297,9047,9250
가정(루원시티),2024-01-19,23481,12221,11260
가정중앙시장,2024-01-19,13226,6420,6806
석남(거북시장),2024-01-19,6320,3035,3285
서부여성회관,2024-01-19,8741,4412,4329
인천가좌,2024-01-19,8397,4234,4163
가재울,2024-01-19,8450,4397,4053
주안국가산단,2024-01-19,5681,2799,2882
주안,2024-01-19,15737,6699,9038
시민공원(문화창작지대),2024-01-19,20048,10302,9746
석바위시장,2024-01-19,9159,4434,4725
인천시청,2024-01-19,6615,3162,3453
석천사거리,2024-01-19,9781,5109,4672
모래내시장,2024-01-19,16275,7847,8428
만수,2024-01-19,9997,5168,4829
남동구청,2024-01-19,8815,4587,4228
인천대공원,2024-01-19,4621,2363,2258
운연(서창),2024-01-19,2470,1319,1151
검단오류(검단산업단지),2024-01-20,2115,1148,967
왕길,2024-01-20,2951,1511,1440
검단사거리,2024-01-20,12841,6616,6225
마전,2024-01-20,5978,3011,2967
완정,2024-01-20,9926,5172,4754
독정,2024-01-20,5972,3010,2962
검암,2024-01-20,5261,2905,2356
검바위,2024-01-20,3671,1756,1915
아시아드경기장(공촌사거리),2024-01-20,6315,3329,2986
서구청,2024-01-20,10895,5377,5518
가정(루원시티),2024-01-20,14091,7240,6851
가정중앙시장,2024-01-20,10091,4949,5142
석남(거북시장),2024-01-20,4482,2117,2365
서부여성회관,2024-01-20,6164,3162,3002
인천가좌,2024-01-20,4600,2313,2287
가재울,2024-01-20,4545,2358,2187
주안국가산단,2024-01-20,1472,720,752
주안,2024-01-20,12744,5115,7629
시민공원(문화창작지대),2024-01-20,13585,6990,6595
석바위시장,2024-01-20,6609,3212,3397
인천시청,2024-01-20,4136,1954,2182
석천사거리,2024-01-20,5985,3140,2845
모래내시장,2024-01-20,12567,6146,6421
만수,2024-01-20,7277,3756,3521
남동구청,2024-01-20,5278,2768,2510
인천대공원,2024-01-20,3963,1990,1973
운연(서창),2024-01-20,1569,803,766
검단오류(검단산업단지),2024-01-21,1284,627,657
왕길,2024-01-21,1934,983,951
검단사거리,2024-01-21,9454,4715,4739
마전,2024-01-21,4161,1974,2187
완정,2024-01-21,7125,3565,3560
독정,2024-01-21,4345,2125,2220
검암,2024-01-21,3654,1888,1766
검바위,2024-01-21,2891,1352,1539
아시아드경기장(공촌사거리),2024-01-21,4696,2503,2193
서구청,2024-01-21,7603,3815,3788
가정(루원시티),2024-01-21,9818,4973,4845
가정중앙시장,2024-01-21,7158,3490,3668
석남(거북시장),2024-01-21,3309,1572,1737
서부여성회관,2024-01-21,4914,2516,2398
인천가좌,2024-01-21,3143,1551,1592
가재울,2024-01-21,3290,1629,1661
주안국가산단,2024-01-21,709,336,373
주안,2024-01-21,8741,3510,5231
시민공원(문화창작지대),2024-01-21,10133,5219,4914
석바위시장,2024-01-21,4927,2403,2524
인천시청,2024-01-21,3104,1443,1661
석천사거리,2024-01-21,4488,2295,2193
모래내시장,2024-01-21,9338,4569,4769
만수,2024-01-21,5426,2798,2628
남동구청,2024-01-21,4063,2086,1977
인천대공원,2024-01-21,3516,1764,1752
운연(서창),2024-01-21,1090,557,533
검단오류(검단산업단지),2024-01-22,5788,2829,2959
왕길,2024-01-22,4579,2314,2265
검단사거리,2024-01-22,14975,7738,7237
마전,2024-01-22,7862,3790,4072
완정,2024-01-22,13954,7183,6771
독정,2024-01-22,7483,3784,3699
검암,2024-01-22,8195,4416,3779
검바위,2024-01-22,5414,2592,2822
아시아드경기장(공촌사거리),2024-01-22,8079,4283,3796
서구청,2024-01-22,15025,7459,7566
가정(루원시티),2024-01-22,21012,10794,10218
가정중앙시장,2024-01-22,10892,5275,5617
석남(거북시장),2024-01-22,5423,2649,2774
서부여성회관,2024-01-22,7404,3800,3604
인천가좌,2024-01-22,7834,3908,3926
가재울,2024-01-22,7575,3923,3652
주안국가산단,2024-01-22,5303,2611,2692
주안,2024-01-22,13548,5792,7756
시민공원(문화창작지대),2024-01-22,18550,9515,9035
석바위시장,2024-01-22,8278,4082,4196
인천시청,2024-01-22,5717,2735,2982
석천사거리,2024-01-22,8632,4440,4192
모래내시장,2024-01-22,13380,6540,6840
만수,2024-01-22,8661,4447,4214
남동구청,2024-01-22,7824,4035,3789
인천대공원,2024-01-22,2865,1476,1389
운연(서창),2024-01-22,2024,1069,955
검단오류(검단산업단지),2024-01-23,5637,2757,2880
왕길,2024-01-23,4398,2231,2167
검단사거리,2024-01-23,13858,7237,6621
마전,2024-01-23,7455,3613,3842
완정,2024-01-23,13300,6829,6471
독정,2024-01-23,7051,3534,3517
검암,2024-01-23,7956,4278,3678
검바위,2024-01-23,4907,2356,2551
아시아드경기장(공촌사거리),2024-01-23,7839,4171,3668
서구청,2024-01-23,14623,7285,7338
가정(루원시티),2024-01-23,20347,10462,9885
가정중앙시장,2024-01-23,10095,4896,5199
석남(거북시장),2024-01-23,5174,2529,2645
서부여성회관,2024-01-23,6945,3530,3415
인천가좌,2024-01-23,7444,3730,3714
가재울,2024-01-23,7434,3816,3618
주안국가산단,2024-01-23,5479,2732,2747
주안,2024-01-23,12946,5425,7521
시민공원(문화창작지대),2024-01-23,17761,9075,8686
석바위시장,2024-01-23,7918,3856,4062
인천시청,2024-01-23,5632,2684,2948
석천사거리,2024-01-23,8191,4208,3983
모래내시장,2024-01-23,12645,6145,6500
만수,2024-01-23,8507,4344,4163
남동구청,2024-01-23,7513,3884,3629
인천대공원,2024-01-23,2668,1357,1311
운연(서창),2024-01-23,1879,997,882
검단오류(검단산업단지),2024-01-24,5758,2816,2942
왕길,2024-01-24,4528,2260,2268
검단사거리,2024-01-24,14475,7503,6972
마전,2024-01-24,7701,3738,3963
완정,2024-01-24,13887,7157,6730
독정,2024-01-24,7471,3721,3750
검암,2024-01-24,8128,4344,3784
검바위,2024-01-24,5113,2490,2623
아시아드경기장(공촌사거리),2024-01-24,8537,4538,3999
서구청,2024-01-24,15371,7602,7769
가정(루원시티),2024-01-24,21145,10881,10264
가정중앙시장,2024-01-24,10999,5303,5696
석남(거북시장),2024-01-24,5494,2657,2837
서부여성회관,2024-01-24,7649,3854,3795
인천가좌,2024-01-24,7655,3848,3807
가재울,2024-01-24,7667,3911,3756
주안국가산단,2024-01-24,5560,2744,2816
주안,2024-01-24,13590,5782,7808
시민공원(문화창작지대),2024-01-24,18749,9571,9178
석바위시장,2024-01-24,8315,4032,4283
인천시청,2024-01-24,6057,2948,3109
석천사거리,2024-01-24,8712,4485,4227
모래내시장,2024-01-24,14147,6858,7289
만수,2024-01-24,9287,4767,4520
남동구청,2024-01-24,7961,4108,3853
인천대공원,2024-01-24,2947,1536,1411
운연(서창),2024-01-24,2035,1046,989
검단오류(검단산업단지),2024-01-25,5918,2888,3030
왕길,2024-01-25,4797,2405,2392
검단사거리,2024-01-25,15330,7992,7338
마전,2024-01-25,7761,3789,3972
완정,2024-01-25,14256,7364,6892
독정,2024-01-25,7752,3867,3885
검암,2024-01-25,8319,4520,3799
검바위,2024-01-25,5586,2636,2950
아시아드경기장(공촌사거리),2024-01-25,8464,4542,3922
서구청,2024-01-25,16726,8347,8379
가정(루원시티),2024-01-25,22044,11355,10689
가정중앙시장,2024-01-25,11922,5807,6115
석남(거북시장),2024-01-25,5653,2768,2885
서부여성회관,2024-01-25,8321,4178,4143
인천가좌,2024-01-25,7810,3913,3897
가재울,2024-01-25,7791,3978,3813
주안국가산단,2024-01-25,5641,2806,2835
주안,2024-01-25,14006,6006,8000
시민공원(문화창작지대),2024-01-25,18957,9648,9309
석바위시장,2024-01-25,8788,4253,4535
인천시청,2024-01-25,6399,3053,3346
석천사거리,2024-01-25,9208,4736,4472
모래내시장,2024-01-25,14957,7303,7654
만수,2024-01-25,9789,5027,4762
남동구청,2024-01-25,8497,4432,4065
인천대공원,2024-01-25,3443,1736,1707
운연(서창),2024-01-25,2162,1163,999
검단오류(검단산업단지),2024-01-26,5898,2927,2971
왕길,2024-01-26,4843,2475,2368
검단사거리,2024-01-26,16482,8585,7897
마전,2024-01-26,7935,3922,4013
완정,2024-01-26,15194,7879,7315
독정,2024-01-26,8148,4094,4054
검암,2024-01-26,8568,4624,3944
검바위,2024-01-26,5372,2632,2740
아시아드경기장(공촌사거리),2024-01-26,8498,4580,3918
서구청,2024-01-26,17508,8637,8871
가정(루원시티),2024-01-26,22889,11847,11042
가정중앙시장,2024-01-26,12817,6251,6566
석남(거북시장),2024-01-26,6108,2992,3116
서부여성회관,2024-01-26,8653,4421,4232
인천가좌,2024-01-26,8162,4157,4005
가재울,2024-01-26,8382,4330,4052
주안국가산단,2024-01-26,5628,2783,2845
주안,2024-01-26,15492,6509,8983
시민공원(문화창작지대),2024-01-26,19922,10199,9723
석바위시장,2024-01-26,9133,4439,4694
인천시청,2024-01-26,6647,3238,3409
석천사거리,2024-01-26,9478,4925,4553
모래내시장,2024-01-26,16613,7988,8625
만수,2024-01-26,10368,5362,5006
남동구청,2024-01-26,8909,4664,4245
인천대공원,2024-01-26,4275,2204,2071
운연(서창),2024-01-26,2409,1297,1112
검단오류(검단산업단지),2024-01-27,1897,1055,842
왕길,2024-01-27,3029,1555,1474
검단사거리,2024-01-27,12977,6760,6217
마전,2024-01-27,5659,2797,2862
완정,2024-01-27,10450,5498,4952
독정,2024-01-27,5968,2953,3015
검암,2024-01-27,5403,2881,2522
검바위,2024-01-27,3957,1934,2023
아시아드경기장(공촌사거리),2024-01-27,6367,3353,3014
서구청,2024-01-27,10892,5421,5471
가정(루원시티),2024-01-27,14504,7513,6991
가정중앙시장,2024-01-27,10304,5098,5206
석남(거북시장),2024-01-27,4601,2226,2375
서부여성회관,2024-01-27,6072,3103,2969
인천가좌,2024-01-27,4673,2348,2325
가재울,2024-01-27,4445,2263,2182
주안국가산단,2024-01-27,1483,734,749
주안,2024-01-27,12633,5068,7565
시민공원(문화창작지대),2024-01-27,14371,7395,6976
석바위시장,2024-01-27,6630,3221,3409
인천시청,2024-01-27,4550,2121,2429
석천사거리,2024-01-27,6073,3202,2871
모래내시장,2024-01-27,13575,6634,6941
만수,2024-01-27,7584,3914,3670
남동구청,2024-01-27,5621,2862,2759
인천대공원,2024-01-27,5116,2598,2518
운연(서창),2024-01-27,1636,875,761
검단오류(검단산업단지),2024-01-28,1298,639,659
왕길,2024-01-28,1991,997,994
검단사거리,2024-01-28,9607,4792,4815
마전,2024-01-28,4016,1922,2094
완정,2024-01-28,7004,3473,3531
독정,2024-01-28,3811,1871,1940
검암,2024-01-28,3977,2061,1916
검바위,2024-01-28,2743,1303,1440
아시아드경기장(공촌사거리),2024-01-28,4892,2511,2381
서구청,2024-01-28,7868,3942,3926
가정(루원시티),2024-01-28,10060,5027,5033
가정중앙시장,2024-01-28,7509,3677,3832
석남(거북시장),2024-01-28,3326,1563,1763
서부여성회관,2024-01-28,4887,2504,2383
인천가좌,2024-01-28,3287,1586,1701
가재울,2024-01-28,3400,1723,1677
주안국가산단,2024-01-28,745,373,372
주안,2024-01-28,9001,3726,5275
시민공원(문화창작지대),2024-01-28,10753,5523,5230
석바위시장,2024-01-28,5089,2455,2634
인천시청,2024-01-28,3318,1540,1778
석천사거리,2024-01-28,4669,2457,2212
모래내시장,2024-01-28,10811,5292,5519
만수,2024-01-28,5756,2923,2833
남동구청,2024-01-28,4128,2117,2011
인천대공원,2024-01-28,4761,2454,2307
운연(서창),2024-01-28,1290,682,608
검단오류(검단산업단지),2024-01-29,6025,2961,3064
왕길,2024-01-29,4778,2442,2336
검단사거리,2024-01-29,15645,8095,7550
마전,2024-01-29,7959,3897,4062
완정,2024-01-29,14568,7437,7131
독정,2024-01-29,8131,4072,4059
검암,2024-01-29,8487,4609,3878
검바위,2024-01-29,6364,3070,3294
아시아드경기장(공촌사거리),2024-01-29,8434,4514,3920
서구청,2024-01-29,16257,8073,8184
가정(루원시티),2024-01-29,22215,11436,10779
가정중앙시장,2024-01-29,12202,5931,6271
석남(거북시장),2024-01-29,5932,2893,3039
서부여성회관,2024-01-29,7845,3983,3862
인천가좌,2024-01-29,8071,4077,3994
가재울,2024-01-29,8033,4141,3892
주안국가산단,2024-01-29,5745,2811,2934
주안,2024-01-29,14378,6136,8242
시민공원(문화창작지대),2024-01-29,19343,9911,9432
석바위시장,2024-01-29,8755,4256,4499
인천시청,2024-01-29,6173,2981,3192
석천사거리,2024-01-29,9002,4704,4298
모래내시장,2024-01-29,15716,7633,8083
만수,2024-01-29,9616,4987,4629
남동구청,2024-01-29,8468,4395,4073
인천대공원,2024-01-29,4111,2128,1983
운연(서창),2024-01-29,2268,1202,1066
검단오류(검단산업단지),2024-01-30,6002,2985,3017
왕길,2024-01-30,4910,2489,2421
검단사거리,2024-01-30,15720,8146,7574
마전,2024-01-30,8152,3973,4179
완정,2024-01-30,14817,7681,7136
독정,2024-01-30,8124,4054,4070
검암,2024-01-30,8723,4679,4044
검바위,2024-01-30,6035,2910,3125
아시아드경기장(공촌사거리),2024-01-30,8573,4587,3986
서구청,2024-01-30,16709,8247,8462
가정(루원시티),2024-01-30,22391,11515,10876
가정중앙시장,2024-01-30,12623,6101,6522
석남(거북시장),2024-01-30,6041,2965,3076
서부여성회관,2024-01-30,7927,4027,3900
인천가좌,2024-01-30,8173,4074,4099
가재울,2024-01-30,8299,4260,4039
주안국가산단,2024-01-30,5819,2867,2952
주안,2024-01-30,14592,6225,8367
시민공원(문화창작지대),2024-01-30,19637,9973,9664
석바위시장,2024-01-30,8989,4347,4642
인천시청,2024-01-30,6434,3135,3299
석천사거리,2024-01-30,9125,4764,4361
모래내시장,2024-01-30,15911,7772,8139
만수,2024-01-30,9693,4969,4724
남동구청,2024-01-30,8602,4427,4175
인천대공원,2024-01-30,4602,2337,2265
운연(서창),2024-01-30,2366,1248,1118
검단오류(검단산업단지),2024-01-31,6039,2975,3064
왕길,2024-01-31,4796,2429,2367
검단사거리,2024-01-31,15826,8278,7548
마전,2024-01-31,8084,3970,4114
완정,2024-01-31,14783,7576,7207
독정,2024-01-31,8304,4160,4144
검암,2024-01-31,8655,4651,4004
검바위,2024-01-31,6068,2945,3123
아시아드경기장(공촌사거리),2024-01-31,8869,4707,4162
서구청,2024-01-31,16787,8272,8515
가정(루원시티),2024-01-31,22690,11731,10959
가정중앙시장,2024-01-31,12737,6195,6542
석남(거북시장),2024-01-31,6075,2954,3121
서부여성회관,2024-01-31,8434,4273,4161
인천가좌,2024-01-31,8213,4134,4079
가재울,2024-01-31,8421,4324,4097
주안국가산단,2024-01-31,5857,2892,2965
주안,2024-01-31,14619,6297,8322
시민공원(문화창작지대),2024-01-31,19879,10171,9708
석바위시장,2024-01-31,8910,4339,4571
인천시청,2024-01-31,6664,3242,3422
석천사거리,2024-01-31,9175,4732,4443
모래내시장,2024-01-31,15912,7664,8248
만수,2024-01-31,9817,5046,4771
남동구청,2024-01-31,8744,4548,4196
인천대공원,2024-01-31,4574,2341,2233
운연(서창),2024-01-31,2376,1256,1120
검단오류(검단산업단지),2024-02-01,6015,2969,3046
왕길,2024-02-01,4987,2504,2483
검단사거리,2024-02-01,15768,8217,7551
마전,2024-02-01,8109,3970,4139
완정,2024-02-01,14809,7652,7157
독정,2024-02-01,8376,4184,4192
검암,2024-02-01,8759,4767,3992
검바위,2024-02-01,6224,3038,3186
아시아드경기장(공촌사거리),2024-02-01,8598,4559,4039
서구청,2024-02-01,16461,8149,8312
가정(루원시티),2024-02-01,22657,11696,10961
가정중앙시장,2024-02-01,12368,6025,6343
석남(거북시장),2024-02-01,5979,2904,3075
서부여성회관,2024-02-01,8121,4072,4049
인천가좌,2024-02-01,8171,4098,4073
가재울,2024-02-01,8169,4209,3960
주안국가산단,2024-02-01,5687,2774,2913
주안,2024-02-01,14770,6282,8488
시민공원(문화창작지대),2024-02-01,19688,10090,9598
석바위시장,2024-02-01,8762,4279,4483
인천시청,2024-02-01,6708,3196,3512
석천사거리,2024-02-01,9341,4870,4471
모래내시장,2024-02-01,15841,7687,8154
만수,2024-02-01,9728,5001,4727
남동구청,2024-02-01,8653,4474,4179
인천대공원,2024-02-01,4514,2266,2248
운연(서창),2024-02-01,2334,1238,1096
검단오류(검단산업단지),2024-02-02,5934,2911,3023
왕길,2024-02-02,4994,2581,2413
검단사거리,2024-02-02,17113,8875,8238
마전,2024-02-02,8319,4128,4191
완정,2024-02-02,15246,7950,7296
독정,2024-02-02,8467,4280,4187
검암,2024-02-02,8771,4810,3961
검바위,2024-02-02,6689,3204,3485
아시아드경기장(공촌사거리),2024-02-02,8958,4786,4172
서구청,2024-02-02,17158,8463,8695
가정(루원시티),2024-02-02,23274,12045,11229
가정중앙시장,2024-02-02,13142,6435,6707
석남(거북시장),2024-02-02,6417,3104,3313
서부여성회관,2024-02-02,8764,4406,4358
인천가좌,2024-02-02,8374,4237,4137
가재울,2024-02-02,8560,4359,4201
주안국가산단,2024-02-02,5672,2752,2920
주안,2024-02-02,15256,6450,8806
시민공원(문화창작지대),2024-02-02,20021,10290,9731
석바위시장,2024-02-02,9235,4488,4747
인천시청,2024-02-02,6478,3092,3386
석천사거리,2024-02-02,9305,4888,4417
모래내시장,2024-02-02,16473,7979,8494
만수,2024-02-02,10117,5245,4872
남동구청,2024-02-02,8826,4610,4216
인천대공원,2024-02-02,4445,2281,2164
운연(서창),2024-02-02,2389,1287,1102
검단오류(검단산업단지),2024-02-03,2131,1133,998
왕길,2024-02-03,3038,1588,1450
검단사거리,2024-02-03,12778,6614,6164
마전,2024-02-03,5659,2847,2812
완정,2024-02-03,9821,5179,4642
독정,2024-02-03,5963,2987,2976
검암,2024-02-03,5405,2918,2487
검바위,2024-02-03,3817,1853,1964
아시아드경기장(공촌사거리),2024-02-03,6252,3267,2985
서구청,2024-02-03,10898,5444,5454
가정(루원시티),2024-02-03,13999,7277,6722
가정중앙시장,2024-02-03,10352,5081,5271
석남(거북시장),2024-02-03,4460,2143,2317
서부여성회관,2024-02-03,5998,3050,2948
인천가좌,2024-02-03,4544,2298,2246
가재울,2024-02-03,4596,2359,2237
주안국가산단,2024-02-03,1429,693,736
주안,2024-02-03,11787,4692,7095
시민공원(문화창작지대),2024-02-03,13872,7108,6764
석바위시장,2024-02-03,6745,3269,3476
인천시청,2024-02-03,4710,2251,2459
석천사거리,2024-02-03,6205,3225,2980
모래내시장,2024-02-03,13449,6562,6887
만수,2024-02-03,7411,3785,3626
남동구청,2024-02-03,5447,2816,2631
인천대공원,2024-02-03,4530,2304,2226
운연(서창),2024-02-03,1635,864,771
검단오류(검단산업단지),2024-02-04,1303,651,652
왕길,2024-02-04,2016,1018,998
검단사거리,2024-02-04,9586,4756,4830
마전,2024-02-04,4148,1976,2172
완정,2024-02-04,7308,3664,3644
독정,2024-02-04,4582,2268,2314
검암,2024-02-04,3878,2047,1831
검바위,2024-02-04,2914,1385,1529
아시아드경기장(공촌사거리),2024-02-04,5027,2706,2321
서구청,2024-02-04,8096,4010,4086
가정(루원시티),2024-02-04,10352,5251,5101
가정중앙시장,2024-02-04,7859,3856,4003
석남(거북시장),2024-02-04,3490,1623,1867
서부여성회관,2024-02-04,5016,2549,2467
인천가좌,2024-02-04,3321,1677,1644
가재울,2024-02-04,3534,1790,1744
주안국가산단,2024-02-04,805,402,403
주안,2024-02-04,9237,3801,5436
시민공원(문화창작지대),2024-02-04,10892,5605,5287
석바위시장,2024-02-04,5328,2556,2772
인천시청,2024-02-04,3536,1687,1849
석천사거리,2024-02-04,4809,2532,2277
모래내시장,2024-02-04,10986,5436,5550
만수,2024-02-04,5878,3079,2799
남동구청,2024-02-04,4278,2262,2016
인천대공원,2024-02-04,5204,2600,2604
운연(서창),2024-02-04,1231,629,602
검단오류(검단산업단지),2024-02-05,5750,2823,2927
왕길,2024-02-05,4741,2380,2361
검단사거리,2024-02-05,14913,7779,7134
마전,2024-02-05,7900,3808,4092
완정,2024-02-05,14078,7219,6859
독정,2024-02-05,7826,3915,3911
검암,2024-02-05,8486,4602,3884
검바위,2024-02-05,5558,2711,2847
아시아드경기장(공촌사거리),2024-02-05,8109,4334,3775
서구청,2024-02-05,15324,7675,7649
가정(루원시티),2024-02-05,21569,10999,10570
가정중앙시장,2024-02-05,11439,5482,5957
석남(거북시장),2024-02-05,5538,2703,2835
서부여성회관,2024-02-05,7194,3676,3518
인천가좌,2024-02-05,7986,4034,3952
가재울,2024-02-05,7910,4008,3902
주안국가산단,2024-02-05,5847,2919,2928
주안,2024-02-05,13935,5979,7956
시민공원(문화창작지대),2024-02-05,18869,9657,9212
석바위시장,2024-02-05,8567,4160,4407
인천시청,2024-02-05,6147,2970,3177
석천사거리,2024-02-05,8907,4611,4296
모래내시장,2024-02-05,13955,6820,7135
만수,2024-02-05,8845,4520,4325
남동구청,2024-02-05,8055,4176,3879
인천대공원,2024-02-05,2513,1285,1228
운연(서창),2024-02-05,2040,1093,947
검단오류(검단산업단지),2024-02-06,6000,2961,3039
왕길,2024-02-06,4974,2511,2463
검단사거리,2024-02-06,16166,8363,7803
마전,2024-02-06,8239,4005,4234
완정,2024-02-06,14781,7666,7115
독정,2024-02-06,8418,4209,4209
검암,2024-02-06,8664,4717,3947
검바위,2024-02-06,5766,2729,3037
아시아드경기장(공촌사거리),2024-02-06,8998,4774,4224
서구청,2024-02-06,16863,8367,8496
가정(루원시티),2024-02-06,22497,11648,10849
가정중앙시장,2024-02-06,13239,6493,6746
석남(거북시장),2024-02-06,5986,2943,3043
서부여성회관,2024-02-06,7952,4101,3851
인천가좌,2024-02-06,8547,4284,4263
가재울,2024-02-06,8289,4285,4004
주안국가산단,2024-02-06,5837,2876,2961
주안,2024-02-06,14728,6362,8366
시민공원(문화창작지대),2024-02-06,19776,10139,9637
석바위시장,2024-02-06,9357,4501,4856
인천시청,2024-02-06,6858,3187,3671
석천사거리,2024-02-06,9343,4877,4466
모래내시장,2024-02-06,16503,8015,8488
만수,2024-02-06,9776,5040,4736
남동구청,2024-02-06,8715,4503,4212
인천대공원,2024-02-06,3681,1872,1809
운연(서창),2024-02-06,2297,1209,1088
검단오류(검단산업단지),2024-02-07,5878,2925,2953
왕길,2024-02-07,4943,2501,2442
검단사거리,2024-02-07,16148,8460,7688
마전,2024-02-07,8202,4066,4136
완정,2024-02-07,14796,7615,7181
독정,2024-02-07,8710,4321,4389
검암,2024-02-07,8693,4688,4005
검바위,2024-02-07,5948,2905,3043
아시아드경기장(공촌사거리),2024-02-07,9017,4778,4239
서구청,2024-02-07,16539,8219,8320
가정(루원시티),2024-02-07,22672,11646,11026
가정중앙시장,2024-02-07,13603,6586,7017
석남(거북시장),2024-02-07,6180,3010,3170
서부여성회관,2024-02-07,8184,4104,4080
인천가좌,2024-02-07,8505,4253,4252
가재울,2024-02-07,8529,4308,4221
주안국가산단,2024-02-07,5823,2825,2998
주안,2024-02-07,15110,6376,8734
시민공원(문화창작지대),2024-02-07,19785,10081,9704
석바위시장,2024-02-07,9384,4546,4838
인천시청,2024-02-07,6759,3221,3538
석천사거리,2024-02-07,9309,4878,4431
모래내시장,2024-02-07,16929,8164,8765
만수,2024-02-07,9776,5097,4679
남동구청,2024-02-07,8993,4623,4370
인천대공원,2024-02-07,3934,2038,1896
운연(서창),2024-02-07,2377,1279,1098
검단오류(검단산업단지),2024-02-08,5105,2511,2594
왕길,2024-02-08,4562,2299,2263
검단사거리,2024-02-08,16506,8665,7841
마전,2024-02-08,7761,3817,3944
완정,2024-02-08,14422,7579,6843
독정,2024-02-08,8163,4109,4054
검암,2024-02-08,8057,4425,3632
검바위,2024-02-08,5072,2484,2588
아시아드경기장(공촌사거리),2024-02-08,8208,4425,3783
서구청,2024-02-08,16466,8173,8293
가정(루원시티),2024-02-08,21080,10975,10105
가정중앙시장,2024-02-08,14552,6960,7592
석남(거북시장),2024-02-08,5937,2867,3070
서부여성회관,2024-02-08,8263,4231,4032
인천가좌,2024-02-08,7584,3802,3782
가재울,2024-02-08,7834,4021,3813
주안국가산단,2024-02-08,5199,2560,2639
주안,2024-02-08,15002,6321,8681
시민공원(문화창작지대),2024-02-08,18806,9670,9136
석바위시장,2024-02-08,8893,4283,4610
인천시청,2024-02-08,6210,2965,3245
석천사거리,2024-02-08,8846,4568,4278
모래내시장,2024-02-08,17219,8295,8924
만수,2024-02-08,9739,5046,4693
남동구청,2024-02-08,8526,4460,4066
인천대공원,2024-02-08,3910,1989,1921
운연(서창),2024-02-08,2209,1162,1047
검단오류(검단산업단지),2024-02-09,1568,941,627
왕길,2024-02-09,1709,871,838
검단사거리,2024-02-09,9585,5010,4575
마전,2024-02-09,3428,1585,1843
완정,2024-02-09,5944,3121,2823
독정,2024-02-09,3980,1990,1990
검암,2024-02-09,3247,1769,1478
검바위,2024-02-09,2613,1300,1313
아시아드경기장(공촌사거리),2024-02-09,4273,2290,1983
서구청,2024-02-09,6674,3334,3340
가정(루원시티),2024-02-09,7905,4110,3795
가정중앙시장,2024-02-09,8534,4076,4458
석남(거북시장),2024-02-09,3064,1481,1583
서부여성회관,2024-02-09,4451,2271,2180
인천가좌,2024-02-09,3022,1500,1522
가재울,2024-02-09,2766,1396,1370
주안국가산단,2024-02-09,616,324,292
주안,2024-02-09,7731,3275,4456
시민공원(문화창작지대),2024-02-09,7647,3911,3736
석바위시장,2024-02-09,3744,1783,1961
인천시청,2024-02-09,2605,1203,1402
석천사거리,2024-02-09,3495,1769,1726
모래내시장,2024-02-09,9901,4799,5102
만수,2024-02-09,4897,2524,2373
남동구청,2024-02-09,3600,1835,1765
인천대공원,2024-02-09,3012,1554,1458
운연(서창),2024-02-09,975,513,462
검단오류(검단산업단지),2024-02-10,1282,671,611
왕길,2024-02-10,1265,654,611
검단사거리,2024-02-10,8384,4228,4156
마전,2024-02-10,2869,1460,1409
완정,2024-02-10,4668,2412,2256
독정,2024-02-10,3171,1594,1577
검암,2024-02-10,2590,1470,1120
검바위,2024-02-10,2175,1070,1105
아시아드경기장(공촌사거리),2024-02-10,3483,1868,1615
서구청,2024-02-10,5009,2474,2535
가정(루원시티),2024-02-10,6457,3264,3193
가정중앙시장,2024-02-10,5345,2613,2732
석남(거북시장),2024-02-10,2583,1222,1361
서부여성회관,2024-02-10,4097,2098,1999
인천가좌,2024-02-10,2811,1464,1347
가재울,2024-02-10,2346,1184,1162
주안국가산단,2024-02-10,396,205,191
주안,2024-02-10,7513,3029,4484
시민공원(문화창작지대),2024-02-10,6506,3371,3135
석바위시장,2024-02-10,2606,1275,1331
인천시청,2024-02-10,2089,953,1136
석천사거리,2024-02-10,2918,1543,1375
모래내시장,2024-02-10,5474,2682,2792
만수,2024-02-10,3992,2054,1938
남동구청,2024-02-10,2949,1544,1405
인천대공원,2024-02-10,2748,1404,1344
운연(서창),2024-02-10,901,459,442
검단오류(검단산업단지),2024-02-11,1371,704,667
왕길,2024-02-11,1570,812,758
검단사거리,2024-02-11,9748,4826,4922
마전,2024-02-11,3370,1623,1747
완정,2024-02-11,6345,3255,3090
독정,2024-02-11,3558,1789,1769
검암,2024-02-11,3345,1828,1517
검바위,2024-02-11,2538,1238,1300
아시아드경기장(공촌사거리),2024-02-11,4222,2278,1944
서구청,2024-02-11,6584,3165,3419
가정(루원시티),2024-02-11,9006,4557,4449
가정중앙시장,2024-02-11,6080,3114,2966
석남(거북시장),2024-02-11,3147,1490,1657
서부여성회관,2024-02-11,4801,2511,2290
인천가좌,2024-02-11,3225,1638,1587
가재울,2024-02-11,2920,1486,1434
주안국가산단,2024-02-11,450,208,242
주안,2024-02-11,8619,3433,5186
시민공원(문화창작지대),2024-02-11,9211,4691,4520
석바위시장,2024-02-11,3671,1783,1888
인천시청,2024-02-11,2830,1344,1486
석천사거리,2024-02-11,4032,2163,1869
모래내시장,2024-02-11,8157,4020,4137
만수,2024-02-11,5227,2731,2496
남동구청,2024-02-11,3730,1945,1785
인천대공원,2024-02-11,4842,2409,2433
운연(서창),2024-02-11,1058,588,470
검단오류(검단산업단지),2024-02-12,1439,653,786
왕길,2024-02-12,1953,1005,948
검단사거리,2024-02-12,9844,4832,5012
마전,2024-02-12,4217,2069,2148
완정,2024-02-12,6797,3417,3380
독정,2024-02-12,4249,2106,2143
검암,2024-02-12,3843,2047,1796
검바위,2024-02-12,2786,1327,1459
아시아드경기장(공촌사거리),2024-02-12,4350,2315,2035
서구청,2024-02-12,6981,3477,3504
가정(루원시티),2024-02-12,9699,4938,4761
가정중앙시장,2024-02-12,6596,3200,3396
석남(거북시장),2024-02-12,3382,1613,1769
서부여성회관,2024-02-12,4242,2186,2056
인천가좌,2024-02-12,3632,1825,1807
가재울,2024-02-12,3138,1566,1572
주안국가산단,2024-02-12,748,363,385
주안,2024-02-12,9122,3817,5305
시민공원(문화창작지대),2024-02-12,9642,4945,4697
석바위시장,2024-02-12,4323,2145,2178
인천시청,2024-02-12,3243,1499,1744
석천사거리,2024-02-12,4633,2499,2134
모래내시장,2024-02-12,9164,4515,4649
만수,2024-02-12,5601,2880,2721
남동구청,2024-02-12,3912,2012,1900
인천대공원,2024-02-12,6254,3145,3109
운연(서창),2024-02-12,1307,701,606
검단오류(검단산업단지),2024-02-13,5434,2675,2759
왕길,2024-02-13,4574,2314,2260
검단사거리,2024-02-13,15726,8129,7597
마전,2024-02-13,7825,3848,3977
완정,2024-02-13,14158,7249,6909
독정,2024-02-13,7802,3893,3909
검암,2024-02-13,8091,4274,3817
검바위,2024-02-13,5104,2428,2676
아시아드경기장(공촌사거리),2024-02-13,8249,4398,3851
서구청,2024-02-13,16230,8064,8166
가정(루원시티),2024-02-13,20805,10683,10122
가정중앙시장,2024-02-13,11598,5673,5925
석남(거북시장),2024-02-13,5801,2827,2974
서부여성회관,2024-02-13,7638,3855,3783
인천가좌,2024-02-13,7893,3969,3924
가재울,2024-02-13,7897,4045,3852
주안국가산단,2024-02-13,4915,2406,2509
주안,2024-02-13,14555,6232,8323
시민공원(문화창작지대),2024-02-13,19066,9749,9317
석바위시장,2024-02-13,8607,4235,4372
인천시청,2024-02-13,6238,2995,3243
석천사거리,2024-02-13,8843,4637,4206
모래내시장,2024-02-13,14850,7217,7633
만수,2024-02-13,9364,4810,4554
남동구청,2024-02-13,8266,4286,3980
인천대공원,2024-02-13,4891,2472,2419
운연(서창),2024-02-13,2245,1210,1035
검단오류(검단산업단지),2024-02-14,6058,3009,3049
왕길,2024-02-14,4988,2563,2425
검단사거리,2024-02-14,16674,8663,8011
마전,2024-02-14,8571,4189,4382
완정,2024-02-14,15045,7718,7327
독정,2024-02-14,8730,4354,4376
검암,2024-02-14,8770,4730,4040
검바위,2024-02-14,5507,2636,2871
아시아드경기장(공촌사거리),2024-02-14,9099,4805,4294
서구청,2024-02-14,16520,8190,8330
가정(루원시티),2024-02-14,23141,12033,11108
가정중앙시장,2024-02-14,12328,5963,6365
석남(거북시장),2024-02-14,6228,3009,3219
서부여성회관,2024-02-14,8321,4206,4115
인천가좌,2024-02-14,8603,4349,4254
가재울,2024-02-14,8309,4239,4070
주안국가산단,2024-02-14,5833,2883,2950
주안,2024-02-14,15668,6630,9038
시민공원(문화창작지대),2024-02-14,20330,10352,9978
석바위시장,2024-02-14,8856,4308,4548
인천시청,2024-02-14,6837,3249,3588
석천사거리,2024-02-14,9577,5006,4571
모래내시장,2024-02-14,15463,7581,7882
만수,2024-02-14,9995,5099,4896
남동구청,2024-02-14,9017,4669,4348
인천대공원,2024-02-14,5082,2559,2523
운연(서창),2024-02-14,2488,1338,1150
검단오류(검단산업단지),2024-02-15,5796,2855,2941
왕길,2024-02-15,4713,2409,2304
검단사거리,2024-02-15,14925,7758,7167
마전,2024-02-15,7890,3847,4043
완정,2024-02-15,13957,7228,6729
독정,2024-02-15,7667,3825,3842
검암,2024-02-15,8385,4561,3824
검바위,2024-02-15,5139,2504,2635
아시아드경기장(공촌사거리),2024-02-15,8304,4391,3913
서구청,2024-02-15,15625,7696,7929
가정(루원시티),2024-02-15,21790,11242,10548
가정중앙시장,2024-02-15,10919,5279,5640
석남(거북시장),2024-02-15,5473,2644,2829
서부여성회관,2024-02-15,7574,3835,3739
인천가좌,2024-02-15,7964,4010,3954
가재울,2024-02-15,7757,4000,3757
주안국가산단,2024-02-15,5761,2805,2956
주안,2024-02-15,14450,6093,8357
시민공원(문화창작지대),2024-02-15,19120,9817,9303
석바위시장,2024-02-15,8330,4086,4244
인천시청,2024-02-15,6271,2980,3291
석천사거리,2024-02-15,8854,4627,4227
모래내시장,2024-02-15,13520,6559,6961
만수,2024-02-15,9077,4639,4438
남동구청,2024-02-15,8078,4213,3865
인천대공원,2024-02-15,2773,1423,1350
운연(서창),2024-02-15,2149,1132,1017
검단오류(검단산업단지),2024-02-16,5889,2894,2995
왕길,2024-02-16,4977,2562,2415
검단사거리,2024-02-16,17079,8908,8171
마전,2024-02-16,8494,4204,4290
완정,2024-02-16,15512,8068,7444
독정,2024-02-16,8423,4199,4224
검암,2024-02-16,8977,4924,4053
검바위,2024-02-16,5429,2656,2773
아시아드경기장(공촌사거리),2024-02-16,8797,4712,4085
서구청,2024-02-16,17512,8586,8926
가정(루원시티),2024-02-16,23911,12412,11499
가정중앙시장,2024-02-16,12733,6243,6490
석남(거북시장),2024-02-16,6303,3040,3263
서부여성회관,2024-02-16,8881,4476,4405
인천가좌,2024-02-16,8351,4165,4186
가재울,2024-02-16,8524,4406,4118
주안국가산단,2024-02-16,5797,2843,2954
주안,2024-02-16,16569,6908,9661
시민공원(문화창작지대),2024-02-16,20691,10575,10116
석바위시장,2024-02-16,9257,4485,4772
인천시청,2024-02-16,6954,3347,3607
석천사거리,2024-02-16,9770,5114,4656
모래내시장,2024-02-16,16552,8078,8474
만수,2024-02-16,10377,5316,5061
남동구청,2024-02-16,8959,4668,4291
인천대공원,2024-02-16,4945,2539,2406
운연(서창),2024-02-16,2525,1346,1179
검단오류(검단산업단지),2024-02-17,2144,1180,964
왕길,2024-02-17,3213,1640,1573
검단사거리,2024-02-17,13668,7067,6601
마전,2024-02-17,6176,3090,3086
완정,2024-02-17,10876,5654,5222
독정,2024-02-17,6417,3292,3125
검암,2024-02-17,5814,3158,2656
검바위,2024-02-17,4009,1946,2063
아시아드경기장(공촌사거리),2024-02-17,6687,3528,3159
서구청,2024-02-17,11303,5559,5744
가정(루원시티),2024-02-17,15484,7951,7533
가정중앙시장,2024-02-17,10664,5284,5380
석남(거북시장),2024-02-17,4655,2245,2410
서부여성회관,2024-02-17,6249,3176,3073
인천가좌,2024-02-17,4907,2495,2412
가재울,2024-02-17,4895,2515,2380
주안국가산단,2024-02-17,1475,733,742
주안,2024-02-17,13527,5451,8076
시민공원(문화창작지대),2024-02-17,15270,7773,7497
석바위시장,2024-02-17,7019,3405,3614
인천시청,2024-02-17,4593,2169,2424
석천사거리,2024-02-17,6713,3529,3184
모래내시장,2024-02-17,13944,6840,7104
만수,2024-02-17,7992,4112,3880
남동구청,2024-02-17,5952,3098,2854
인천대공원,2024-02-17,6381,3224,3157
운연(서창),2024-02-17,1766,926,840
검단오류(검단산업단지),2024-02-18,1206,609,597
왕길,2024-02-18,1843,902,941
검단사거리,2024-02-18,9250,4653,4597
마전,2024-02-18,4254,1999,2255
완정,2024-02-18,7012,3550,3462
독정,2024-02-18,4105,1964,2141
검암,2024-02-18,4069,2141,1928
검바위,2024-02-18,2927,1385,1542
아시아드경기장(공촌사거리),2024-02-18,4893,2581,2312
서구청,2024-02-18,7380,3653,3727
가정(루원시티),2024-02-18,10049,5054,4995
가정중앙시장,2024-02-18,6975,3393,3582
석남(거북시장),2024-02-18,3179,1468,1711
서부여성회관,2024-02-18,4997,2543,2454
인천가좌,2024-02-18,3118,1569,1549
가재울,2024-02-18,3273,1675,1598
주안국가산단,2024-02-18,716,352,364
주안,2024-02-18,8842,3533,5309
시민공원(문화창작지대),2024-02-18,10515,5320,5195
석바위시장,2024-02-18,4972,2416,2556
인천시청,2024-02-18,3469,1634,1835
석천사거리,2024-02-18,4748,2444,2304
모래내시장,2024-02-18,9481,4625,4856
만수,2024-02-18,5624,2898,2726
남동구청,2024-02-18,4471,2316,2155
인천대공원,2024-02-18,4293,2131,2162
운연(서창),2024-02-18,1206,652,554
검단오류(검단산업단지),2024-02-19,5744,2808,2936
왕길,2024-02-19,4666,2372,2294
검단사거리,2024-02-19,15318,7884,7434
마전,2024-02-19,7652,3716,3936
완정,2024-02-19,14146,7330,6816
독정,2024-02-19,7623,3818,3805
검암,2024-02-19,8362,4502,3860
검바위,2024-02-19,5419,2627,2792
아시아드경기장(공촌사거리),2024-02-19,8208,4345,3863
서구청,2024-02-19,15790,7823,7967
가정(루원시티),2024-02-19,21526,11115,10411
가정중앙시장,2024-02-19,11181,5428,5753
석남(거북시장),2024-02-19,5754,2815,2939
서부여성회관,2024-02-19,7450,3775,3675
인천가좌,2024-02-19,8033,4053,3980
가재울,2024-02-19,7877,4008,3869
주안국가산단,2024-02-19,5686,2800,2886
주안,2024-02-19,14111,5945,8166
시민공원(문화창작지대),2024-02-19,18999,9795,9204
석바위시장,2024-02-19,8350,4031,4319
인천시청,2024-02-19,6151,2922,3229
석천사거리,2024-02-19,9250,4818,4432
모래내시장,2024-02-19,13848,6732,7116
만수,2024-02-19,9294,4775,4519
남동구청,2024-02-19,8109,4267,3842
인천대공원,2024-02-19,2887,1455,1432
운연(서창),2024-02-19,2185,1141,1044
검단오류(검단산업단지),2024-02-20,5914,2909,3005
왕길,2024-02-20,5055,2569,2486
검단사거리,2024-02-20,16433,8474,7959
마전,2024-02-20,8316,4021,4295
완정,2024-02-20,14587,7547,7040
독정,2024-02-20,8017,4034,3983
검암,2024-02-20,8874,4738,4136
검바위,2024-02-20,6061,2899,3162
아시아드경기장(공촌사거리),2024-02-20,8850,4712,4138
서구청,2024-02-20,16862,8376,8486
가정(루원시티),2024-02-20,23054,11895,11159
가정중앙시장,2024-02-20,12436,6011,6425
석남(거북시장),2024-02-20,5792,2830,2962
서부여성회관,2024-02-20,7919,4069,3850
인천가좌,2024-02-20,8392,4157,4235
가재울,2024-02-20,8135,4134,4001
주안국가산단,2024-02-20,5897,2966,2931
주안,2024-02-20,14747,6276,8471
시민공원(문화창작지대),2024-02-20,20086,10271,9815
석바위시장,2024-02-20,8913,4321,4592
인천시청,2024-02-20,6636,3177,3459
석천사거리,2024-02-20,9715,4992,4723
모래내시장,2024-02-20,15104,7368,7736
만수,2024-02-20,10021,5189,4832
남동구청,2024-02-20,8924,4609,4315
인천대공원,2024-02-20,4007,2016,1991
운연(서창),2024-02-20,2275,1211,1064
검단오류(검단산업단지),2024-02-21,5761,2858,2903
왕길,2024-02-21,4788,2420,2368
검단사거리,2024-02-21,15059,7859,7200
마전,2024-02-21,7943,3854,4089
완정,2024-02-21,14189,7297,6892
독정,2024-02-21,7657,3824,3833
검암,2024-02-21,8726,4695,4031
검바위,2024-02-21,5098,2483,2615
아시아드경기장(공촌사거리),2024-02-21,8346,4417,3929
서구청,2024-02-21,15568,7774,7794
가정(루원시티),2024-02-21,21812,11185,10627
가정중앙시장,2024-02-21,11309,5502,5807
석남(거북시장),2024-02-21,5665,2740,2925
서부여성회관,2024-02-21,7775,3857,3918
인천가좌,2024-02-21,8105,4061,4044
가재울,2024-02-21,7819,3973,3846
주안국가산단,2024-02-21,5811,2887,2924
주안,2024-02-21,14126,5841,8285
시민공원(문화창작지대),2024-02-21,19368,9852,9516
석바위시장,2024-02-21,8728,4267,4461
인천시청,2024-02-21,6441,3084,3357
석천사거리,2024-02-21,9360,4835,4525
모래내시장,2024-02-21,13922,6786,7136
만수,2024-02-21,9455,4851,4604
남동구청,2024-02-21,8556,4426,4130
인천대공원,2024-02-21,2661,1386,1275
운연(서창),2024-02-21,2075,1108,967
검단오류(검단산업단지),2024-02-22,6226,3017,3209
왕길,2024-02-22,5143,2610,2533
검단사거리,2024-02-22,16552,8641,7911
마전,2024-02-22,8699,4291,4408
완정,2024-02-22,15537,8010,7527
독정,2024-02-22,8300,4174,4126
검암,2024-02-22,9194,5012,4182
검바위,2024-02-22,5457,2654,2803
아시아드경기장(공촌사거리),2024-02-22,8887,4744,4143
서구청,2024-02-22,17764,8800,8964
가정(루원시티),2024-02-22,24153,12527,11626
가정중앙시장,2024-02-22,12477,6044,6433
석남(거북시장),2024-02-22,5999,2970,3029
서부여성회관,2024-02-22,8515,4295,4220
인천가좌,2024-02-22,9008,4497,4511
가재울,2024-02-22,8465,4328,4137
주안국가산단,2024-02-22,6514,3136,3378
주안,2024-02-22,15222,6397,8825
시민공원(문화창작지대),2024-02-22,20525,10519,10006
석바위시장,2024-02-22,8877,4356,4521
인천시청,2024-02-22,6896,3304,3592
석천사거리,2024-02-22,10117,5305,4812
모래내시장,2024-02-22,15085,7381,7704
만수,2024-02-22,9939,5140,4799
남동구청,2024-02-22,9259,4797,4462
인천대공원,2024-02-22,4306,2198,2108
운연(서창),2024-02-22,2320,1254,1066
검단오류(검단산업단지),2024-02-23,5898,2907,2991
왕길,2024-02-23,5016,2552,2464
검단사거리,2024-02-23,17305,9035,8270
마전,2024-02-23,8429,4154,4275
완정,2024-02-23,15635,8112,7523
독정,2024-02-23,8421,4247,4174
검암,2024-02-23,8902,4817,4085
검바위,2024-02-23,5948,2926,3022
아시아드경기장(공촌사거리),2024-02-23,8875,4721,4154
서구청,2024-02-23,17843,8757,9086
가정(루원시티),2024-02-23,23819,12311,11508
가정중앙시장,2024-02-23,13938,6776,7162
석남(거북시장),2024-02-23,6150,2978,3172
서부여성회관,2024-02-23,8749,4423,4326
인천가좌,2024-02-23,8554,4289,4265
가재울,2024-02-23,8386,4308,4078
주안국가산단,2024-02-23,5865,2882,2983
주안,2024-02-23,15887,6604,9283
시민공원(문화창작지대),2024-02-23,20465,10446,10019
석바위시장,2024-02-23,9284,4532,4752
인천시청,2024-02-23,6934,3334,3600
석천사거리,2024-02-23,9734,5151,4583
모래내시장,2024-02-23,16860,8166,8694
만수,2024-02-23,10584,5436,5148
남동구청,2024-02-23,9255,4822,4433
인천대공원,2024-02-23,4425,2273,2152
운연(서창),2024-02-23,2417,1289,1128
검단오류(검단산업단지),2024-02-24,1956,1076,880
왕길,2024-02-24,3203,1660,1543
검단사거리,2024-02-24,13172,6863,6309
마전,2024-02-24,6159,3096,3063
완정,2024-02-24,10665,5609,5056
독정,2024-02-24,6346,3203,3143
검암,2024-02-24,5755,3140,2615
검바위,2024-02-24,4101,1980,2121
아시아드경기장(공촌사거리),2024-02-24,6788,3535,3253
서구청,2024-02-24,11670,5825,5845
가정(루원시티),2024-02-24,15101,7796,7305
가정중앙시장,2024-02-24,10505,5137,5368
석남(거북시장),2024-02-24,4638,2237,2401
서부여성회관,2024-02-24,6402,3307,3095
인천가좌,2024-02-24,5108,2590,2518
가재울,2024-02-24,4683,2407,2276
주안국가산단,2024-02-24,1567,774,793
주안,2024-02-24,13856,5589,8267
시민공원(문화창작지대),2024-02-24,14783,7554,7229
석바위시장,2024-02-24,6982,3337,3645
인천시청,2024-02-24,4605,2152,2453
석천사거리,2024-02-24,6442,3406,3036
모래내시장,2024-02-24,13278,6470,6808
만수,2024-02-24,7861,4036,3825
남동구청,2024-02-24,5812,2960,2852
인천대공원,2024-02-24,5137,2571,2566
운연(서창),2024-02-24,1718,928,790
검단오류(검단산업단지),2024-02-25,1378,669,709
왕길,2024-02-25,2137,1077,1060
검단사거리,2024-02-25,9811,4848,4963
마전,2024-02-25,4246,2054,2192
완정,2024-02-25,7329,3697,3632
독정,2024-02-25,4012,1912,2100
검암,2024-02-25,4152,2193,1959
검바위,2024-02-25,3039,1450,1589
아시아드경기장(공촌사거리),2024-02-25,5164,2705,2459
서구청,2024-02-25,8078,4058,4020
가정(루원시티),2024-02-25,10732,5413,5319
가정중앙시장,2024-02-25,7532,3663,3869
석남(거북시장),2024-02-25,3477,1612,1865
서부여성회관,2024-02-25,4930,2555,2375
인천가좌,2024-02-25,3305,1623,1682
가재울,2024-02-25,3471,1787,1684
주안국가산단,2024-02-25,793,378,415
주안,2024-02-25,9880,4036,5844
시민공원(문화창작지대),2024-02-25,10875,5633,5242
석바위시장,2024-02-25,5227,2594,2633
인천시청,2024-02-25,3595,1755,1840
석천사거리,2024-02-25,4790,2479,2311
모래내시장,2024-02-25,10411,5133,5278
만수,2024-02-25,6099,3173,2926
남동구청,2024-02-25,4235,2200,2035
인천대공원,2024-02-25,4458,2257,2201
운연(서창),2024-02-25,1285,657,628
검단오류(검단산업단지),2024-02-26,5873,2881,2992
왕길,2024-02-26,4902,2471,2431
검단사거리,2024-02-26,16113,8371,7742
마전,2024-02-26,8108,3978,4130
완정,2024-02-26,14760,7546,7214
독정,2024-02-26,8174,4119,4055
검암,2024-02-26,8695,4688,4007
검바위,2024-02-26,5271,2535,2736
아시아드경기장(공촌사거리),2024-02-26,8600,4553,4047
서구청,2024-02-26,17146,8580,8566
가정(루원시티),2024-02-26,22482,11539,10943
가정중앙시장,2024-02-26,12182,5943,6239
석남(거북시장),2024-02-26,6293,3059,3234
서부여성회관,2024-02-26,7992,4062,3930
인천가좌,2024-02-26,8537,4285,4252
가재울,2024-02-26,8261,4238,4023
주안국가산단,2024-02-26,5773,2808,2965
주안,2024-02-26,15068,6399,8669
시민공원(문화창작지대),2024-02-26,20274,10399,9875
석바위시장,2024-02-26,8998,4352,4646
인천시청,2024-02-26,6533,3123,3410
석천사거리,2024-02-26,9496,4951,4545
모래내시장,2024-02-26,16050,7855,8195
만수,2024-02-26,9880,5071,4809
남동구청,2024-02-26,8848,4572,4276
인천대공원,2024-02-26,4679,2355,2324
운연(서창),2024-02-26,2371,1264,1107
검단오류(검단산업단지),2024-02-27,5956,2919,3037
왕길,2024-02-27,4928,2513,2415
검단사거리,2024-02-27,16128,8385,7743
마전,2024-02-27,8212,3991,4221
완정,2024-02-27,14938,7727,7211
독정,2024-02-27,8283,4123,4160
검암,2024-02-27,8881,4803,4078
검바위,2024-02-27,5370,2599,2771
아시아드경기장(공촌사거리),2024-02-27,8609,4572,4037
서구청,2024-02-27,17036,8447,8589
가정(루원시티),2024-02-27,23019,11833,11186
가정중앙시장,2024-02-27,12658,6205,6453
석남(거북시장),2024-02-27,6243,3033,3210
서부여성회관,2024-02-27,8068,4073,3995
인천가좌,2024-02-27,8454,4259,4195
가재울,2024-02-27,8442,4345,4097
주안국가산단,2024-02-27,5933,2890,3043
주안,2024-02-27,15269,6495,8774
시민공원(문화창작지대),2024-02-27,20456,10470,9986
석바위시장,2024-02-27,9172,4452,4720
인천시청,2024-02-27,6714,3242,3472
석천사거리,2024-02-27,9842,5159,4683
모래내시장,2024-02-27,16230,7941,8289
만수,2024-02-27,10104,5212,4892
남동구청,2024-02-27,9230,4828,4402
인천대공원,2024-02-27,5107,2608,2499
운연(서창),2024-02-27,2441,1276,1165
검단오류(검단산업단지),2024-02-28,5937,2890,3047
왕길,2024-02-28,5053,2535,2518
검단사거리,2024-02-28,16340,8508,7832
마전,2024-02-28,8553,4191,4362
완정,2024-02-28,15131,7835,7296
독정,2024-02-28,8524,4245,4279
검암,2024-02-28,8815,4773,4042
검바위,2024-02-28,5468,2653,2815
아시아드경기장(공촌사거리),2024-02-28,9005,4813,4192
서구청,2024-02-28,16664,8210,8454
가정(루원시티),2024-02-28,23423,12102,11321
가정중앙시장,2024-02-28,12727,6258,6469
석남(거북시장),2024-02-28,6480,3166,3314
서부여성회관,2024-02-28,8608,4305,4303
인천가좌,2024-02-28,8664,4369,4295
가재울,2024-02-28,8368,4273,4095
주안국가산단,2024-02-28,5811,2849,2962
주안,2024-02-28,15387,6437,8950
시민공원(문화창작지대),2024-02-28,20755,10648,10107
석바위시장,2024-02-28,9192,4445,4747
인천시청,2024-02-28,6920,3332,3588
석천사거리,2024-02-28,9673,5073,4600
모래내시장,2024-02-28,16112,7863,8249
만수,2024-02-28,10009,5108,4901
남동구청,2024-02-28,9138,4739,4399
인천대공원,2024-02-28,4950,2505,2445
운연(서창),2024-02-28,2528,1324,1204
검단오류(검단산업단지),2024-02-29,5948,2915,3033
왕길,2024-02-29,5106,2594,2512
검단사거리,2024-02-29,17141,8943,8198
마전,2024-02-29,8126,4000,4126
완정,2024-02-29,14924,7760,7164
독정,2024-02-29,8455,4243,4212
검암,2024-02-29,8979,4909,4070
검바위,2024-02-29,5582,2698,2884
아시아드경기장(공촌사거리),2024-02-29,8638,4635,4003
서구청,2024-02-29,17300,8624,8676
가정(루원시티),2024-02-29,23145,12015,11130
가정중앙시장,2024-02-29,12811,6327,6484
석남(거북시장),2024-02-29,6393,3037,3356
서부여성회관,2024-02-29,8408,4214,4194
인천가좌,2024-02-29,8399,4239,4160
가재울,2024-02-29,8185,4215,3970
주안국가산단,2024-02-29,5622,2697,2925
주안,2024-02-29,15980,6633,9347
시민공원(문화창작지대),2024-02-29,20576,10523,10053
석바위시장,2024-02-29,9195,4489,4706
인천시청,2024-02-29,6872,3244,3628
석천사거리,2024-02-29,9560,5018,4542
모래내시장,2024-02-29,16241,7993,8248
만수,2024-02-29,10112,5229,4883
남동구청,2024-02-29,8955,4673,4282
인천대공원,2024-02-29,4456,2238,2218
운연(서창),2024-02-29,2500,1366,1134
검단오류(검단산업단지),2024-03-01,1894,1016,878
왕길,2024-03-01,2595,1368,1227
검단사거리,2024-03-01,11482,5947,5535
마전,2024-03-01,4982,2475,2507
완정,2024-03-01,8430,4438,3992
독정,2024-03-01,5055,2523,2532
검암,2024-03-01,4957,2691,2266
검바위,2024-03-01,3293,1637,1656
아시아드경기장(공촌사거리),2024-03-01,5305,2830,2475
서구청,2024-03-01,8935,4454,4481
가정(루원시티),2024-03-01,12361,6464,5897
가정중앙시장,2024-03-01,8340,4087,4253
석남(거북시장),2024-03-01,4110,1938,2172
서부여성회관,2024-03-01,5442,2746,2696
인천가좌,2024-03-01,3971,1992,1979
가재울,2024-03-01,3845,1972,1873
주안국가산단,2024-03-01,1363,673,690
주안,2024-03-01,10582,4191,6391
시민공원(문화창작지대),2024-03-01,11961,6144,5817
석바위시장,2024-03-01,5372,2634,2738
인천시청,2024-03-01,3729,1743,1986
석천사거리,2024-03-01,5359,2801,2558
모래내시장,2024-03-01,10920,5410,5510
만수,2024-03-01,6719,3517,3202
남동구청,2024-03-01,4728,2432,2296
인천대공원,2024-03-01,4118,2078,2040
운연(서창),2024-03-01,1312,687,625
검단오류(검단산업단지),2024-03-02,1678,909,769
왕길,2024-03-02,2583,1329,1254
검단사거리,2024-03-02,11986,6097,5889
마전,2024-03-02,5246,2579,2667
완정,2024-03-02,9228,4839,4389
독정,2024-03-02,5606,2774,2832
검암,2024-03-02,5079,2724,2355
검바위,2024-03-02,3552,1739,1813
아시아드경기장(공촌사거리),2024-03-02,5401,2893,2508
서구청,2024-03-02,9633,4831,4802
가정(루원시티),2024-03-02,12806,6578,6228
가정중앙시장,2024-03-02,8884,4352,4532
석남(거북시장),2024-03-02,4147,2003,2144
서부여성회관,2024-03-02,5647,2880,2767
인천가좌,2024-03-02,4122,2096,2026
가재울,2024-03-02,3977,2003,1974
주안국가산단,2024-03-02,1045,507,538
주안,2024-03-02,11616,4648,6968
시민공원(문화창작지대),2024-03-02,13146,6804,6342
석바위시장,2024-03-02,5820,2836,2984
인천시청,2024-03-02,4019,1864,2155
석천사거리,2024-03-02,5603,2942,2661
모래내시장,2024-03-02,11451,5610,5841
만수,2024-03-02,6750,3476,3274
남동구청,2024-03-02,5113,2639,2474
인천대공원,2024-03-02,3966,2018,1948
운연(서창),2024-03-02,1610,866,744
검단오류(검단산업단지),2024-03-03,1296,642,654
왕길,2024-03-03,2018,989,1029
검단사거리,2024-03-03,9646,4830,4816
마전,2024-03-03,3846,1901,1945
완정,2024-03-03,7238,3641,3597
독정,2024-03-03,4669,2254,2415
검암,2024-03-03,3884,2049,1835
검바위,2024-03-03,2894,1354,1540
아시아드경기장(공촌사거리),2024-03-03,4874,2587,2287
서구청,2024-03-03,7435,3669,3766
가정(루원시티),2024-03-03,9806,5018,4788
가정중앙시장,2024-03-03,7017,3439,3578
석남(거북시장),2024-03-03,3291,1515,1776
서부여성회관,2024-03-03,5082,2632,2450
인천가좌,2024-03-03,3225,1594,1631
가재울,2024-03-03,3317,1706,1611
주안국가산단,2024-03-03,804,364,440
주안,2024-03-03,9323,3761,5562
시민공원(문화창작지대),2024-03-03,10655,5444,5211
석바위시장,2024-03-03,4932,2431,2501
인천시청,2024-03-03,3463,1612,1851
석천사거리,2024-03-03,4712,2446,2266
모래내시장,2024-03-03,9912,4867,5045
만수,2024-03-03,5653,2936,2717
남동구청,2024-03-03,4158,2141,2017
인천대공원,2024-03-03,5268,2605,2663
운연(서창),2024-03-03,1263,673,590
검단오류(검단산업단지),2024-03-04,5792,2823,2969
왕길,2024-03-04,5612,2853,2759
검단사거리,2024-03-04,17143,8943,8200
마전,2024-03-04,8930,4331,4599
완정,2024-03-04,15688,8122,7566
독정,2024-03-04,9255,4644,4611
검암,2024-03-04,8862,4732,4130
검바위,2024-03-04,7443,3622,3821
아시아드경기장(공촌사거리),2024-03-04,9496,5033,4463
서구청,2024-03-04,17194,8584,8610
가정(루원시티),2024-03-04,23522,12000,11522
가정중앙시장,2024-03-04,12407,5994,6413
석남(거북시장),2024-03-04,6664,3278,3386
서부여성회관,2024-03-04,8287,4242,4045
인천가좌,2024-03-04,8818,4466,4352
가재울,2024-03-04,8274,4231,4043
주안국가산단,2024-03-04,5842,2885,2957
주안,2024-03-04,16106,6735,9371
시민공원(문화창작지대),2024-03-04,20967,10768,10199
석바위시장,2024-03-04,8988,4397,4591
인천시청,2024-03-04,6633,3236,3397
석천사거리,2024-03-04,9973,5152,4821
모래내시장,2024-03-04,16037,7755,8282
만수,2024-03-04,10334,5363,4971
남동구청,2024-03-04,9485,4891,4594
인천대공원,2024-03-04,5152,2596,2556
운연(서창),2024-03-04,2457,1289,1168
검단오류(검단산업단지),2024-03-05,5847,2895,2952
왕길,2024-03-05,5511,2766,2745
검단사거리,2024-03-05,17092,8995,8097
마전,2024-03-05,9045,4385,4660
완정,2024-03-05,15752,8089,7663
독정,2024-03-05,9265,4565,4700
검암,2024-03-05,8725,4662,4063
검바위,2024-03-05,7573,3708,3865
아시아드경기장(공촌사거리),2024-03-05,9231,4874,4357
서구청,2024-03-05,17387,8603,8784
가정(루원시티),2024-03-05,24306,12431,11875
가정중앙시장,2024-03-05,12269,5989,6280
석남(거북시장),2024-03-05,6422,3119,3303
서부여성회관,2024-03-05,8302,4243,4059
인천가좌,2024-03-05,8896,4498,4398
가재울,2024-03-05,8467,4305,4162
주안국가산단,2024-03-05,6009,2950,3059
주안,2024-03-05,16087,6857,9230
시민공원(문화창작지대),2024-03-05,20833,10728,10105
석바위시장,2024-03-05,9051,4367,4684
인천시청,2024-03-05,6808,3280,3528
석천사거리,2024-03-05,10011,5230,4781
모래내시장,2024-03-05,15708,7631,8077
만수,2024-03-05,10168,5256,4912
남동구청,2024-03-05,9288,4804,4484
인천대공원,2024-03-05,4562,2294,2268
운연(서창),2024-03-05,2520,1328,1192
검단오류(검단산업단지),2024-03-06,6008,2979,3029
왕길,2024-03-06,5563,2817,2746
검단사거리,2024-03-06,17376,9070,8306
마전,2024-03-06,9260,4523,4737
완정,2024-03-06,15995,8221,7774
독정,2024-03-06,9509,4782,4727
검암,2024-03-06,9134,4912,4222
검바위,2024-03-06,7672,3743,3929
아시아드경기장(공촌사거리),2024-03-06,9823,5201,4622
서구청,2024-03-06,17728,8785,8943
가정(루원시티),2024-03-06,24818,12632,12186
가정중앙시장,2024-03-06,13079,6367,6712
석남(거북시장),2024-03-06,6660,3219,3441
서부여성회관,2024-03-06,8503,4336,4167
인천가좌,2024-03-06,9017,4554,4463
가재울,2024-03-06,8657,4389,4268
주안국가산단,2024-03-06,6136,3020,3116
주안,2024-03-06,16567,6968,9599
시민공원(문화창작지대),2024-03-06,21694,11094,10600
석바위시장,2024-03-06,9304,4486,4818
인천시청,2024-03-06,6946,3389,3557
석천사거리,2024-03-06,10423,5439,4984
모래내시장,2024-03-06,16542,8053,8489
만수,2024-03-06,10653,5476,5177
남동구청,2024-03-06,9801,5039,4762
인천대공원,2024-03-06,5242,2660,2582
운연(서창),2024-03-06,2624,1411,1213
검단오류(검단산업단지),2024-03-07,5841,2875,2966
왕길,2024-03-07,5552,2793,2759
검단사거리,2024-03-07,17231,9034,8197
마전,2024-03-07,9066,4358,4708
완정,2024-03-07,15900,8185,7715
독정,2024-03-07,9569,4842,4727
검암,2024-03-07,9099,4903,4196
검바위,2024-03-07,7657,3743,3914
아시아드경기장(공촌사거리),2024-03-07,9540,5035,4505
서구청,2024-03-07,17273,8581,8692
가정(루원시티),2024-03-07,24303,12415,11888
가정중앙시장,2024-03-07,12531,6055,6476
석남(거북시장),2024-03-07,6398,3120,3278
서부여성회관,2024-03-07,8307,4231,4076
인천가좌,2024-03-07,8754,4443,4311
가재울,2024-03-07,8498,4320,4178
주안국가산단,2024-03-07,5960,2929,3031
주안,2024-03-07,16356,6908,9448
시민공원(문화창작지대),2024-03-07,21425,10921,10504
석바위시장,2024-03-07,9118,4427,4691
인천시청,2024-03-07,6870,3288,3582
석천사거리,2024-03-07,10277,5313,4964
모래내시장,2024-03-07,15656,7663,7993
만수,2024-03-07,10453,5403,5050
남동구청,2024-03-07,9373,4780,4593
인천대공원,2024-03-07,4442,2250,2192
운연(서창),2024-03-07,2595,1378,1217
검단오류(검단산업단지),2024-03-08,5828,2869,2959
왕길,2024-03-08,5517,2791,2726
검단사거리,2024-03-08,18092,9436,8656
마전,2024-03-08,9201,4484,4717
완정,2024-03-08,16507,8475,8032
독정,2024-03-08,9480,4768,4712
검암,2024-03-08,9193,4997,4196
검바위,2024-03-08,7677,3727,3950
아시아드경기장(공촌사거리),2024-03-08,9728,5189,4539
서구청,2024-03-08,18326,9118,9208
가정(루원시티),2024-03-08,25367,12931,12436
가정중앙시장,2024-03-08,13319,6443,6876
석남(거북시장),2024-03-08,6539,3209,3330
서부여성회관,2024-03-08,8853,4475,4378
인천가좌,2024-03-08,9247,4662,4585
가재울,2024-03-08,8590,4350,4240
주안국가산단,2024-03-08,5952,2920,3032
주안,2024-03-08,16877,7037,9840
시민공원(문화창작지대),2024-03-08,21505,11109,10396
석바위시장,2024-03-08,9114,4437,4677
인천시청,2024-03-08,7044,3379,3665
석천사거리,2024-03-08,10371,5403,4968
모래내시장,2024-03-08,16524,8023,8501
만수,2024-03-08,10940,5657,5283
남동구청,2024-03-08,9957,5193,4764
인천대공원,2024-03-08,4685,2402,2283
운연(서창),2024-03-08,2637,1405,1232
검단오류(검단산업단지),2024-03-09,2170,1174,996
왕길,2024-03-09,3185,1636,1549
검단사거리,2024-03-09,13924,7145,6779
마전,2024-03-09,6321,3163,3158
완정,2024-03-09,10778,5644,5134
독정,2024-03-09,6394,3197,3197
검암,2024-03-09,5930,3245,2685
검바위,2024-03-09,4017,1982,2035
아시아드경기장(공촌사거리),2024-03-09,6814,3497,3317
서구청,2024-03-09,14060,7069,6991
가정(루원시티),2024-03-09,15147,7860,7287
가정중앙시장,2024-03-09,10768,5329,5439
석남(거북시장),2024-03-09,5052,2404,2648
서부여성회관,2024-03-09,6611,3385,3226
인천가좌,2024-03-09,5337,2703,2634
가재울,2024-03-09,5008,2537,2471
주안국가산단,2024-03-09,1529,754,775
주안,2024-03-09,13671,5575,8096
시민공원(문화창작지대),2024-03-09,15185,7771,7414
석바위시장,2024-03-09,6805,3288,3517
인천시청,2024-03-09,4842,2267,2575
석천사거리,2024-03-09,6663,3535,3128
모래내시장,2024-03-09,13594,6672,6922
만수,2024-03-09,7967,4108,3859
남동구청,2024-03-09,6123,3182,2941
인천대공원,2024-03-09,5485,2741,2744
운연(서창),2024-03-09,1832,977,855
검단오류(검단산업단지),2024-03-10,1393,683,710
왕길,2024-03-10,2006,1025,981
검단사거리,2024-03-10,10061,5003,5058
마전,2024-03-10,4384,2200,2184
완정,2024-03-10,7614,3866,3748
독정,2024-03-10,4126,2056,2070
검암,2024-03-10,4334,2292,2042
검바위,2024-03-10,3067,1408,1659
아시아드경기장(공촌사거리),2024-03-10,5280,2807,2473
서구청,2024-03-10,8110,4080,4030
가정(루원시티),2024-03-10,10764,5453,5311
가정중앙시장,2024-03-10,7877,3850,4027
석남(거북시장),2024-03-10,3601,1681,1920
서부여성회관,2024-03-10,5203,2671,2532
인천가좌,2024-03-10,3470,1754,1716
가재울,2024-03-10,3526,1769,1757
주안국가산단,2024-03-10,771,363,408
주안,2024-03-10,9874,3976,5898
시민공원(문화창작지대),2024-03-10,11436,5900,5536
석바위시장,2024-03-10,5372,2627,2745
인천시청,2024-03-10,3759,1779,1980
석천사거리,2024-03-10,4832,2482,2350
모래내시장,2024-03-10,11032,5398,5634
만수,2024-03-10,5857,3063,2794
남동구청,2024-03-10,4459,2295,2164
인천대공원,2024-03-10,6859,3425,3434
운연(서창),2024-03-10,1439,746,693
검단오류(검단산업단지),2024-03-11,5863,2886,2977
왕길,2024-03-11,5477,2757,2720
검단사거리,2024-03-11,17231,9041,8190
마전,2024-03-11,9080,4430,4650
완정,2024-03-11,15815,8162,7653
독정,2024-03-11,9425,4688,4737
검암,2024-03-11,8995,4902,4093
검바위,2024-03-11,7459,3622,3837
아시아드경기장(공촌사거리),2024-03-11,9466,5036,4430
서구청,2024-03-11,17476,8741,8735
가정(루원시티),2024-03-11,24122,12337,11785
가정중앙시장,2024-03-11,12620,6163,6457
석남(거북시장),2024-03-11,6489,3194,3295
서부여성회관,2024-03-11,8257,4240,4017
인천가좌,2024-03-11,9106,4585,4521
가재울,2024-03-11,8494,4304,4190
주안국가산단,2024-03-11,5954,2925,3029
주안,2024-03-11,16313,6950,9363
시민공원(문화창작지대),2024-03-11,21135,10828,10307
석바위시장,2024-03-11,9072,4411,4661
인천시청,2024-03-11,6682,3257,3425
석천사거리,2024-03-11,10153,5311,4842
모래내시장,2024-03-11,15863,7721,8142
만수,2024-03-11,10242,5254,4988
남동구청,2024-03-11,9629,4938,4691
인천대공원,2024-03-11,4567,2282,2285
운연(서창),2024-03-11,2616,1383,1233
검단오류(검단산업단지),2024-03-12,5958,2945,3013
왕길,2024-03-12,5503,2743,2760
검단사거리,2024-03-12,16995,8892,8103
마전,2024-03-12,9075,4387,4688
완정,2024-03-12,15823,8165,7658
독정,2024-03-12,9255,4554,4701
검암,2024-03-12,9027,4861,4166
검바위,2024-03-12,7372,3613,3759
아시아드경기장(공촌사거리),2024-03-12,9447,5015,4432
서구청,2024-03-12,17458,8640,8818
가정(루원시티),2024-03-12,24143,12362,11781
가정중앙시장,2024-03-12,12469,6081,6388
석남(거북시장),2024-03-12,6197,3003,3194
서부여성회관,2024-03-12,8190,4124,4066
인천가좌,2024-03-12,9001,4546,4455
가재울,2024-03-12,8389,4290,4099
주안국가산단,2024-03-12,6022,2944,3078
주안,2024-03-12,16169,6894,9275
시민공원(문화창작지대),2024-03-12,21152,10796,10356
석바위시장,2024-03-12,9003,4349,4654
인천시청,2024-03-12,6894,3328,3566
석천사거리,2024-03-12,10032,5233,4799
모래내시장,2024-03-12,15512,7612,7900
만수,2024-03-12,10360,5321,5039
남동구청,2024-03-12,9504,4918,4586
인천대공원,2024-03-12,4272,2179,2093
운연(서창),2024-03-12,2525,1329,1196
검단오류(검단산업단지),2024-03-13,5975,2950,3025
왕길,2024-03-13,5549,2808,2741
검단사거리,2024-03-13,17698,9260,8438
마전,2024-03-13,9213,4450,4763
완정,2024-03-13,16072,8296,7776
독정,2024-03-13,9545,4743,4802
검암,2024-03-13,9178,4975,4203
검바위,2024-03-13,7552,3682,3870
아시아드경기장(공촌사거리),2024-03-13,10135,5331,4804
서구청,2024-03-13,17788,8827,8961
가정(루원시티),2024-03-13,25478,13098,12380
가정중앙시장,2024-03-13,13094,6394,6700
석남(거북시장),2024-03-13,6646,3249,3397
서부여성회관,2024-03-13,8752,4472,4280
인천가좌,2024-03-13,9135,4648,4487
가재울,2024-03-13,8690,4413,4277
주안국가산단,2024-03-13,6075,2962,3113
주안,2024-03-13,16933,7212,9721
시민공원(문화창작지대),2024-03-13,22036,11299,10737
석바위시장,2024-03-13,9511,4578,4933
인천시청,2024-03-13,7074,3361,3713
석천사거리,2024-03-13,10372,5426,4946
모래내시장,2024-03-13,16737,8220,8517
만수,2024-03-13,10770,5515,5255
남동구청,2024-03-13,9938,5105,4833
인천대공원,2024-03-13,5645,2879,2766
운연(서창),2024-03-13,2636,1393,1243
검단오류(검단산업단지),2024-03-14,5927,2921,3006
왕길,2024-03-14,5624,2813,2811
검단사거리,2024-03-14,17436,9081,8355
마전,2024-03-14,9201,4494,4707
완정,2024-03-14,16198,8327,7871
독정,2024-03-14,9727,4873,4854
검암,2024-03-14,9209,4955,4254
검바위,2024-03-14,7686,3768,3918
아시아드경기장(공촌사거리),2024-03-14,9683,5070,4613
서구청,2024-03-14,17947,8867,9080
가정(루원시티),2024-03-14,24648,12581,12067
가정중앙시장,2024-03-14,13192,6425,6767
석남(거북시장),2024-03-14,6547,3154,3393
서부여성회관,2024-03-14,8641,4401,4240
인천가좌,2024-03-14,9232,4635,4597
가재울,2024-03-14,8467,4324,4143
주안국가산단,2024-03-14,6027,2940,3087
주안,2024-03-14,16670,7136,9534
시민공원(문화창작지대),2024-03-14,21904,11263,10641
석바위시장,2024-03-14,9596,4622,4974
인천시청,2024-03-14,7035,3381,3654
석천사거리,2024-03-14,10424,5473,4951
모래내시장,2024-03-14,16637,8076,8561
만수,2024-03-14,10668,5524,5144
남동구청,2024-03-14,9881,5179,4702
인천대공원,2024-03-14,5799,2918,2881
운연(서창),2024-03-14,2745,1434,1311
검단오류(검단산업단지),2024-03-15,5976,2952,3024
왕길,2024-03-15,5753,2915,2838
검단사거리,2024-03-15,18672,9764,8908
마전,2024-03-15,9262,4482,4780
완정,2024-03-15,16742,8707,8035
독정,2024-03-15,9613,4833,4780
검암,2024-03-15,9297,5085,4212
검바위,2024-03-15,7798,3786,4012
아시아드경기장(공촌사거리),2024-03-15,9815,5214,4601
서구청,2024-03-15,18561,9170,9391
가정(루원시티),2024-03-15,25627,13011,12616
가정중앙시장,2024-03-15,13608,6634,6974
석남(거북시장),2024-03-15,6781,3232,3549
서부여성회관,2024-03-15,9000,4595,4405
인천가좌,2024-03-15,9224,4709,4515
가재울,2024-03-15,8784,4495,4289
주안국가산단,2024-03-15,5796,2827,2969
주안,2024-03-15,17263,7249,10014
시민공원(문화창작지대),2024-03-15,22040,11316,10724
석바위시장,2024-03-15,9622,4714,4908
인천시청,2024-03-15,7181,3420,3761
석천사거리,2024-03-15,10489,5521,4968
모래내시장,2024-03-15,17239,8419,8820
만수,2024-03-15,11173,5795,5378
남동구청,2024-03-15,9911,5146,4765
인천대공원,2024-03-15,5627,2850,2777
운연(서창),2024-03-15,2685,1440,1245
검단오류(검단산업단지),2024-03-16,2202,1195,1007
왕길,2024-03-16,3305,1700,1605
검단사거리,2024-03-16,13939,7202,6737
마전,2024-03-16,6357,3187,3170
완정,2024-03-16,11180,5948,5232
독정,2024-03-16,6576,3318,3258
검암,2024-03-16,6341,3423,2918
검바위,2024-03-16,4158,2030,2128
아시아드경기장(공촌사거리),2024-03-16,6953,3615,3338
서구청,2024-03-16,12132,5978,6154
가정(루원시티),2024-03-16,15675,8079,7596
가정중앙시장,2024-03-16,11090,5504,5586
석남(거북시장),2024-03-16,5104,2462,2642
서부여성회관,2024-03-16,6640,3368,3272
인천가좌,2024-03-16,5097,2582,2515
가재울,2024-03-16,4915,2519,2396
주안국가산단,2024-03-16,1547,769,778
주안,2024-03-16,14127,5737,8390
시민공원(문화창작지대),2024-03-16,15559,7980,7579
석바위시장,2024-03-16,7147,3455,3692
인천시청,2024-03-16,4974,2385,2589
석천사거리,2024-03-16,6982,3749,3233
모래내시장,2024-03-16,15154,7403,7751
만수,2024-03-16,8084,4216,3868
남동구청,2024-03-16,6267,3277,2990
인천대공원,2024-03-16,8097,4082,4015
운연(서창),2024-03-16,1979,1019,960
검단오류(검단산업단지),2024-03-17,1577,779,798
왕길,2024-03-17,2084,1076,1008
검단사거리,2024-03-17,10381,5288,5093
마전,2024-03-17,4529,2173,2356
완정,2024-03-17,7509,3809,3700
독정,2024-03-17,4544,2230,2314
검암,2024-03-17,4458,2353,2105
검바위,2024-03-17,3092,1494,1598
아시아드경기장(공촌사거리),2024-03-17,5299,2806,2493
서구청,2024-03-17,8270,4171,4099
가정(루원시티),2024-03-17,10753,5511,5242
가정중앙시장,2024-03-17,7514,3642,3872
석남(거북시장),2024-03-17,3526,1674,1852
서부여성회관,2024-03-17,5251,2704,2547
인천가좌,2024-03-17,3491,1774,1717
가재울,2024-03-17,3660,1880,1780
주안국가산단,2024-03-17,878,413,465
주안,2024-03-17,9688,3940,5748
시민공원(문화창작지대),2024-03-17,11277,5821,5456
석바위시장,2024-03-17,5177,2506,2671
인천시청,2024-03-17,3862,1839,2023
석천사거리,2024-03-17,4825,2534,2291
모래내시장,2024-03-17,10503,5177,5326
만수,2024-03-17,6186,3188,2998
남동구청,2024-03-17,4363,2267,2096
인천대공원,2024-03-17,6570,3280,3290
운연(서창),2024-03-17,1474,735,739
검단오류(검단산업단지),2024-03-18,5873,2885,2988
왕길,2024-03-18,5621,2828,2793
검단사거리,2024-03-18,17331,9065,8266
마전,2024-03-18,8809,4340,4469
완정,2024-03-18,15855,8189,7666
독정,2024-03-18,9441,4714,4727
검암,2024-03-18,9119,4940,4179
검바위,2024-03-18,7433,3615,3818
아시아드경기장(공촌사거리),2024-03-18,9457,4978,4479
서구청,2024-03-18,17648,8841,8807
가정(루원시티),2024-03-18,24101,12351,11750
가정중앙시장,2024-03-18,12800,6216,6584
석남(거북시장),2024-03-18,6327,3093,3234
서부여성회관,2024-03-18,8223,4182,4041
인천가좌,2024-03-18,8960,4535,4425
가재울,2024-03-18,8401,4253,4148
주안국가산단,2024-03-18,5896,2894,3002
주안,2024-03-18,15884,6796,9088
시민공원(문화창작지대),2024-03-18,21720,11190,10530
석바위시장,2024-03-18,9184,4507,4677
인천시청,2024-03-18,6631,3195,3436
석천사거리,2024-03-18,10082,5302,4780
모래내시장,2024-03-18,16607,8034,8573
만수,2024-03-18,10271,5303,4968
남동구청,2024-03-18,9599,4957,4642
인천대공원,2024-03-18,5439,2729,2710
운연(서창),2024-03-18,2706,1457,1249
검단오류(검단산업단지),2024-03-19,5810,2868,2942
왕길,2024-03-19,5483,2734,2749
검단사거리,2024-03-19,17008,8954,8054
마전,2024-03-19,9100,4416,4684
완정,2024-03-19,15884,8192,7692
독정,2024-03-19,9426,4683,4743
검암,2024-03-19,9119,4921,4198
검바위,2024-03-19,7631,3714,3917
아시아드경기장(공촌사거리),2024-03-19,9588,5105,4483
서구청,2024-03-19,17309,8606,8703
가정(루원시티),2024-03-19,24257,12440,11817
가정중앙시장,2024-03-19,12517,6036,6481
석남(거북시장),2024-03-19,6307,3072,3235
서부여성회관,2024-03-19,8258,4196,4062
인천가좌,2024-03-19,8831,4416,4415
가재울,2024-03-19,8515,4337,4178
주안국가산단,2024-03-19,5986,2942,3044
주안,2024-03-19,16050,6779,9271
시민공원(문화창작지대),2024-03-19,21625,11078,10547
석바위시장,2024-03-19,9244,4521,4723
인천시청,2024-03-19,6798,3300,3498
석천사거리,2024-03-19,10136,5261,4875
모래내시장,2024-03-19,15395,7520,7875
만수,2024-03-19,10282,5307,4975
남동구청,2024-03-19,9398,4868,4530
인천대공원,2024-03-19,4425,2226,2199
운연(서창),2024-03-19,2564,1361,1203
검단오류(검단산업단지),2024-03-20,5984,2979,3005
왕길,2024-03-20,5576,2818,2758
검단사거리,2024-03-20,17241,9087,8154
마전,2024-03-20,9029,4422,4607
완정,2024-03-20,16192,8361,7831
독정,2024-03-20,9311,4676,4635
검암,2024-03-20,9140,4955,4185
검바위,2024-03-20,7735,3786,3949
아시아드경기장(공촌사거리),2024-03-20,9973,5263,4710
서구청,2024-03-20,17498,8629,8869
가정(루원시티),2024-03-20,24887,12685,12202
가정중앙시장,2024-03-20,13172,6355,6817
석남(거북시장),2024-03-20,6617,3201,3416
서부여성회관,2024-03-20,8498,4303,4195
인천가좌,2024-03-20,9204,4635,4569
가재울,2024-03-20,8658,4452,4206
주안국가산단,2024-03-20,6033,2949,3084
주안,2024-03-20,16286,6922,9364
시민공원(문화창작지대),2024-03-20,21849,11213,10636
석바위시장,2024-03-20,9632,4693,4939
인천시청,2024-03-20,7153,3421,3732
석천사거리,2024-03-20,10439,5432,5007
모래내시장,2024-03-20,16226,7897,8329
만수,2024-03-20,10846,5595,5251
남동구청,2024-03-20,9918,5120,4798
인천대공원,2024-03-20,4943,2489,2454
운연(서창),2024-03-20,2544,1338,1206
검단오류(검단산업단지),2024-03-21,5879,2903,2976
왕길,2024-03-21,5505,2735,2770
검단사거리,2024-03-21,17254,8982,8272
마전,2024-03-21,9136,4455,4681
완정,2024-03-21,16065,8292,7773
독정,2024-03-21,9472,4733,4739
검암,2024-03-21,9298,5063,4235
검바위,2024-03-21,7698,3740,3958
아시아드경기장(공촌사거리),2024-03-21,9905,5174,4731
서구청,2024-03-21,17979,8991,8988
가정(루원시티),2024-03-21,24795,12736,12059
가정중앙시장,2024-03-21,13319,6539,6780
석남(거북시장),2024-03-21,6411,3130,3281
서부여성회관,2024-03-21,8622,4341,4281
인천가좌,2024-03-21,9151,4639,4512
가재울,2024-03-21,8468,4330,4138
주안국가산단,2024-03-21,5977,2951,3026
주안,2024-03-21,16502,7066,9436
시민공원(문화창작지대),2024-03-21,21942,11235,10707
석바위시장,2024-03-21,9124,4398,4726
인천시청,2024-03-21,7083,3403,3680
석천사거리,2024-03-21,10311,5367,4944
모래내시장,2024-03-21,16719,8090,8629
만수,2024-03-21,10698,5582,5116
남동구청,2024-03-21,9760,5098,4662
인천대공원,2024-03-21,5435,2736,2699
운연(서창),2024-03-21,2674,1431,1243
검단오류(검단산업단지),2024-03-22,5817,2839,2978
왕길,2024-03-22,5321,2697,2624
검단사거리,2024-03-22,17949,9397,8552
마전,2024-03-22,8967,4347,4620
완정,2024-03-22,16178,8410,7768
독정,2024-03-22,9348,4677,4671
검암,2024-03-22,8979,4902,4077
검바위,2024-03-22,7630,3754,3876
아시아드경기장(공촌사거리),2024-03-22,9652,5110,4542
서구청,2024-03-22,18017,8857,9160
가정(루원시티),2024-03-22,24652,12565,12087
가정중앙시장,2024-03-22,13358,6511,6847
석남(거북시장),2024-03-22,6563,3198,3365
서부여성회관,2024-03-22,8659,4433,4226
인천가좌,2024-03-22,9000,4493,4507
가재울,2024-03-22,8582,4378,4204
주안국가산단,2024-03-22,5959,2892,3067
주안,2024-03-22,16489,7007,9482
시민공원(문화창작지대),2024-03-22,21178,10863,10315
석바위시장,2024-03-22,9220,4475,4745
인천시청,2024-03-22,6869,3334,3535
석천사거리,2024-03-22,10359,5408,4951
모래내시장,2024-03-22,16224,7895,8329
만수,2024-03-22,10676,5537,5139
남동구청,2024-03-22,9673,4948,4725
인천대공원,2024-03-22,4921,2475,2446
운연(서창),2024-03-22,2646,1424,1222
검단오류(검단산업단지),2024-03-23,2237,1211,1026
왕길,2024-03-23,3218,1709,1509
검단사거리,2024-03-23,14056,7331,6725
마전,2024-03-23,6239,3075,3164
완정,2024-03-23,10909,5714,5195
독정,2024-03-23,6375,3234,3141
검암,2024-03-23,6281,3400,2881
검바위,2024-03-23,3967,1932,2035
아시아드경기장(공촌사거리),2024-03-23,7135,3710,3425
서구청,2024-03-23,11782,5835,5947
가정(루원시티),2024-03-23,15723,8132,7591
가정중앙시장,2024-03-23,10855,5322,5533
석남(거북시장),2024-03-23,4804,2336,2468
서부여성회관,2024-03-23,6616,3387,3229
인천가좌,2024-03-23,5276,2749,2527
가재울,2024-03-23,4952,2537,2415
주안국가산단,2024-03-23,1617,784,833
주안,2024-03-23,13733,5564,8169
시민공원(문화창작지대),2024-03-23,15446,8029,7417
석바위시장,2024-03-23,6712,3272,3440
인천시청,2024-03-23,4981,2353,2628
석천사거리,2024-03-23,7254,3829,3425
모래내시장,2024-03-23,14678,7296,7382
만수,2024-03-23,8250,4315,3935
남동구청,2024-03-23,6435,3362,3073
인천대공원,2024-03-23,7907,3952,3955
운연(서창),2024-03-23,2084,1063,1021
검단오류(검단산업단지),2024-03-24,1662,853,809
왕길,2024-03-24,2151,1096,1055
검단사거리,2024-03-24,10588,5326,5262
마전,2024-03-24,4369,2153,2216
완정,2024-03-24,7819,3949,3870
독정,2024-03-24,4195,2091,2104
검암,2024-03-24,4784,2571,2213
검바위,2024-03-24,3183,1557,1626
아시아드경기장(공촌사거리),2024-03-24,5673,2966,2707
서구청,2024-03-24,8325,4225,4100
가정(루원시티),2024-03-24,11148,5764,5384
가정중앙시장,2024-03-24,7858,3862,3996
석남(거북시장),2024-03-24,3705,1737,1968
서부여성회관,2024-03-24,5341,2724,2617
인천가좌,2024-03-24,3567,1794,1773
가재울,2024-03-24,3832,1904,1928
주안국가산단,2024-03-24,823,373,450
주안,2024-03-24,10051,4176,5875
시민공원(문화창작지대),2024-03-24,11696,5976,5720
석바위시장,2024-03-24,5417,2672,2745
인천시청,2024-03-24,3964,1872,2092
석천사거리,2024-03-24,5366,2812,2554
모래내시장,2024-03-24,11536,5664,5872
만수,2024-03-24,6506,3357,3149
남동구청,2024-03-24,4618,2363,2255
인천대공원,2024-03-24,9985,4916,5069
운연(서창),2024-03-24,1727,921,806
검단오류(검단산업단지),2024-03-25,5807,2822,2985
왕길,2024-03-25,5278,2630,2648
검단사거리,2024-03-25,17171,9046,8125
마전,2024-03-25,8773,4252,4521
완정,2024-03-25,15597,8087,7510
독정,2024-03-25,9173,4531,4642
검암,2024-03-25,9004,4782,4222
검바위,2024-03-25,6775,3308,3467
아시아드경기장(공촌사거리),2024-03-25,9386,4927,4459
서구청,2024-03-25,17268,8683,8585
가정(루원시티),2024-03-25,23677,12033,11644
가정중앙시장,2024-03-25,12023,5825,6198
석남(거북시장),2024-03-25,6143,3036,3107
서부여성회관,2024-03-25,7922,4088,3834
인천가좌,2024-03-25,8751,4376,4375
가재울,2024-03-25,8229,4219,4010
주안국가산단,2024-03-25,6027,2954,3073
주안,2024-03-25,15349,6536,8813
시민공원(문화창작지대),2024-03-25,20895,10654,10241
석바위시장,2024-03-25,8855,4335,4520
인천시청,2024-03-25,6440,3076,3364
석천사거리,2024-03-25,9994,5147,4847
모래내시장,2024-03-25,15051,7398,7653
만수,2024-03-25,9991,5160,4831
남동구청,2024-03-25,9276,4803,4473
인천대공원,2024-03-25,3955,1992,1963
운연(서창),2024-03-25,2340,1279,1061
검단오류(검단산업단지),2024-03-26,5827,2859,2968
왕길,2024-03-26,5348,2657,2691
검단사거리,2024-03-26,17089,8971,8118
마전,2024-03-26,8948,4363,4585
완정,2024-03-26,15884,8223,7661
독정,2024-03-26,9234,4581,4653
검암,2024-03-26,9207,5018,4189
검바위,2024-03-26,7114,3427,3687
아시아드경기장(공촌사거리),2024-03-26,9594,5085,4509
서구청,2024-03-26,17625,8789,8836
가정(루원시티),2024-03-26,24666,12649,12017
가정중앙시장,2024-03-26,12873,6236,6637
석남(거북시장),2024-03-26,6415,3080,3335
서부여성회관,2024-03-26,8190,4220,3970
인천가좌,2024-03-26,9074,4559,4515
가재울,2024-03-26,8513,4336,4177
주안국가산단,2024-03-26,6100,2983,3117
주안,2024-03-26,16423,7017,9406
시민공원(문화창작지대),2024-03-26,21599,11078,10521
석바위시장,2024-03-26,9128,4450,4678
인천시청,2024-03-26,7172,3483,3689
석천사거리,2024-03-26,10235,5399,4836
모래내시장,2024-03-26,16223,7879,8344
만수,2024-03-26,10577,5492,5085
남동구청,2024-03-26,9655,4968,4687
인천대공원,2024-03-26,4730,2391,2339
운연(서창),2024-03-26,2518,1341,1177
검단오류(검단산업단지),2024-03-27,6165,3061,3104
왕길,2024-03-27,5554,2793,2761
검단사거리,2024-03-27,17843,9384,8459
마전,2024-03-27,9226,4507,4719
완정,2024-03-27,16282,8410,7872
독정,2024-03-27,9813,4966,4847
검암,2024-03-27,9315,5070,4245
검바위,2024-03-27,6452,3089,3363
아시아드경기장(공촌사거리),2024-03-27,9965,5273,4692
서구청,2024-03-27,17785,8803,8982
가정(루원시티),2024-03-27,25208,12936,12272
가정중앙시장,2024-03-27,13138,6398,6740
석남(거북시장),2024-03-27,6670,3248,3422
서부여성회관,2024-03-27,8694,4408,4286
인천가좌,2024-03-27,9540,4824,4716
가재울,2024-03-27,8705,4455,4250
주안국가산단,2024-03-27,6265,3039,3226
주안,2024-03-27,17099,7290,9809
시민공원(문화창작지대),2024-03-27,22675,11627,11048
석바위시장,2024-03-27,9579,4603,4976
인천시청,2024-03-27,7345,3499,3846
석천사거리,2024-03-27,10700,5606,5094
모래내시장,2024-03-27,17493,8504,8989
만수,2024-03-27,10956,5647,5309
남동구청,2024-03-27,10261,5285,4976
인천대공원,2024-03-27,6334,3221,3113
운연(서창),2024-03-27,2770,1447,1323
검단오류(검단산업단지),2024-03-28,5837,2871,2966
왕길,2024-03-28,5385,2684,2701
검단사거리,2024-03-28,16933,8808,8125
마전,2024-03-28,8892,4337,4555
완정,2024-03-28,15629,8047,7582
독정,2024-03-28,9225,4586,4639
검암,2024-03-28,8871,4897,3974
검바위,2024-03-28,7481,3669,3812
아시아드경기장(공촌사거리),2024-03-28,9356,4946,4410
서구청,2024-03-28,17457,8658,8799
가정(루원시티),2024-03-28,24257,12313,11944
가정중앙시장,2024-03-28,12644,6145,6499
석남(거북시장),2024-03-28,6365,3098,3267
서부여성회관,2024-03-28,8302,4211,4091
인천가좌,2024-03-28,8957,4531,4426
가재울,2024-03-28,8322,4236,4086
주안국가산단,2024-03-28,6015,2944,3071
주안,2024-03-28,16039,6866,9173
시민공원(문화창작지대),2024-03-28,21657,11094,10563
석바위시장,2024-03-28,8744,4225,4519
인천시청,2024-03-28,6969,3352,3617
석천사거리,2024-03-28,10206,5296,4910
모래내시장,2024-03-28,15678,7666,8012
만수,2024-03-28,10261,5340,4921
남동구청,2024-03-28,9539,4963,4576
인천대공원,2024-03-28,3825,1954,1871
운연(서창),2024-03-28,2428,1275,1153
검단오류(검단산업단지),2024-03-29,5861,2872,2989
왕길,2024-03-29,5285,2681,2604
검단사거리,2024-03-29,17683,9213,8470
마전,2024-03-29,8885,4367,4518
완정,2024-03-29,16141,8381,7760
독정,2024-03-29,9291,4636,4655
검암,2024-03-29,8830,4852,3978
검바위,2024-03-29,7406,3611,3795
아시아드경기장(공촌사거리),2024-03-29,9553,5082,4471
서구청,2024-03-29,17832,8799,9033
가정(루원시티),2024-03-29,24587,12560,12027
가정중앙시장,2024-03-29,12902,6295,6607
석남(거북시장),2024-03-29,6384,3097,3287
서부여성회관,2024-03-29,8468,4349,4119
인천가좌,2024-03-29,9073,4577,4496
가재울,2024-03-29,8230,4165,4065
주안국가산단,2024-03-29,5861,2837,3024
주안,2024-03-29,16759,7126,9633
시민공원(문화창작지대),2024-03-29,21203,10911,10292
석바위시장,2024-03-29,8875,4329,4546
인천시청,2024-03-29,6875,3297,3578
석천사거리,2024-03-29,10158,5283,4875
모래내시장,2024-03-29,15748,7577,8171
만수,2024-03-29,10432,5432,5000
남동구청,2024-03-29,9375,4875,4500
인천대공원,2024-03-29,3562,1842,1720
운연(서창),2024-03-29,2492,1330,1162
검단오류(검단산업단지),2024-03-30,2187,1183,1004
왕길,2024-03-30,3260,1677,1583
검단사거리,2024-03-30,14176,7326,6850
마전,2024-03-30,5981,2961,3020
완정,2024-03-30,11330,5990,5340
독정,2024-03-30,6539,3268,3271
검암,2024-03-30,7096,3760,3336
검바위,2024-03-30,4256,2103,2153
아시아드경기장(공촌사거리),2024-03-30,18915,8993,9922
서구청,2024-03-30,21810,10868,10942
가정(루원시티),2024-03-30,15897,8299,7598
가정중앙시장,2024-03-30,10957,5365,5592
석남(거북시장),2024-03-30,5174,2452,2722
서부여성회관,2024-03-30,6466,3333,3133
인천가좌,2024-03-30,5153,2628,2525
가재울,2024-03-30,4924,2541,2383
주안국가산단,2024-03-30,1491,726,765
주안,2024-03-30,14273,5739,8534
시민공원(문화창작지대),2024-03-30,16206,8289,7917
석바위시장,2024-03-30,6803,3283,3520
인천시청,2024-03-30,5366,2469,2897
석천사거리,2024-03-30,7004,3686,3318
모래내시장,2024-03-30,14362,7034,7328
만수,2024-03-30,7914,4134,3780
남동구청,2024-03-30,6133,3180,2953
인천대공원,2024-03-30,8404,4147,4257
운연(서창),2024-03-30,2053,1090,963
검단오류(검단산업단지),2024-03-31,1576,767,809
왕길,2024-03-31,2330,1177,1153
검단사거리,2024-03-31,10894,5416,5478
마전,2024-03-31,4573,2189,2384
완정,2024-03-31,8148,4214,3934
독정,2024-03-31,4772,2339,2433
검암,2024-03-31,5836,3127,2709
검바위,2024-03-31,3249,1554,1695
아시아드경기장(공촌사거리),2024-03-31,17342,8253,9089
서구청,2024-03-31,18604,9819,8785
가정(루원시티),2024-03-31,11313,5798,5515
가정중앙시장,2024-03-31,8112,4055,4057
석남(거북시장),2024-03-31,3874,1801,2073
서부여성회관,2024-03-31,5402,2793,2609
인천가좌,2024-03-31,3707,1883,1824
가재울,2024-03-31,3690,1855,1835
주안국가산단,2024-03-31,742,339,403
주안,2024-03-31,10694,4324,6370
시민공원(문화창작지대),2024-03-31,12758,6568,6190
석바위시장,2024-03-31,5599,2719,2880
인천시청,2024-03-31,4296,2057,2239
석천사거리,2024-03-31,5477,2883,2594
모래내시장,2024-03-31,12242,5932,6310
만수,2024-03-31,6588,3470,3118
남동구청,2024-03-31,4747,2442,2305
인천대공원,2024-03-31,10724,5309,5415
운연(서창),2024-03-31,1676,862,814
검단오류(검단산업단지),2024-04-01,5896,2838,3058
왕길,2024-04-01,5590,2819,2771
검단사거리,2024-04-01,17761,9285,8476
마전,2024-04-01,8932,4363,4569
완정,2024-04-01,16159,8276,7883
독정,2024-04-01,9467,4759,4708
검암,2024-04-01,9458,5115,4343
검바위,2024-04-01,7159,3518,3641
아시아드경기장(공촌사거리),2024-04-01,9616,5138,4478
서구청,2024-04-01,17919,9129,8790
가정(루원시티),2024-04-01,24501,12557,11944
가정중앙시장,2024-04-01,12718,6196,6522
석남(거북시장),2024-04-01,6522,3201,3321
서부여성회관,2024-04-01,8544,4351,4193
인천가좌,2024-04-01,9231,4669,4562
가재울,2024-04-01,8566,4353,4213
주안국가산단,2024-04-01,5936,2881,3055
주안,2024-04-01,16310,6975,9335
시민공원(문화창작지대),2024-04-01,21680,11182,10498
석바위시장,2024-04-01,9208,4457,4751
인천시청,2024-04-01,6850,3299,3551
석천사거리,2024-04-01,10267,5370,4897
모래내시장,2024-04-01,16415,8048,8367
만수,2024-04-01,10260,5265,4995
남동구청,2024-04-01,9572,4962,4610
인천대공원,2024-04-01,6752,3399,3353
운연(서창),2024-04-01,2607,1380,1227
검단오류(검단산업단지),2024-04-02,6060,2968,3092
왕길,2024-04-02,5581,2823,2758
검단사거리,2024-04-02,17762,9291,8471
마전,2024-04-02,9302,4504,4798
완정,2024-04-02,16388,8464,7924
독정,2024-04-02,9467,4737,4730
검암,2024-04-02,9585,5167,4418
검바위,2024-04-02,7401,3587,3814
아시아드경기장(공촌사거리),2024-04-02,9692,5156,4536
서구청,2024-04-02,17696,8785,8911
가정(루원시티),2024-04-02,24940,12711,12229
가정중앙시장,2024-04-02,13059,6345,6714
석남(거북시장),2024-04-02,6557,3188,3369
서부여성회관,2024-04-02,8739,4468,4271
인천가좌,2024-04-02,9370,4794,4576
가재울,2024-04-02,8754,4480,4274
주안국가산단,2024-04-02,6140,2986,3154
주안,2024-04-02,16736,7147,9589
시민공원(문화창작지대),2024-04-02,22008,11264,10744
석바위시장,2024-04-02,9668,4678,4990
인천시청,2024-04-02,7446,3606,3840
석천사거리,2024-04-02,10662,5572,5090
모래내시장,2024-04-02,17390,8493,8897
만수,2024-04-02,10848,5623,5225
남동구청,2024-04-02,9982,5169,4813
인천대공원,2024-04-02,8111,4084,4027
운연(서창),2024-04-02,2804,1473,1331
검단오류(검단산업단지),2024-04-03,6026,2977,3049
왕길,2024-04-03,5496,2747,2749
검단사거리,2024-04-03,17011,8963,8048
마전,2024-04-03,9008,4396,4612
완정,2024-04-03,16103,8340,7763
독정,2024-04-03,9277,4618,4659
검암,2024-04-03,9106,4921,4185
검바위,2024-04-03,7383,3621,3762
아시아드경기장(공촌사거리),2024-04-03,10265,5451,4814
서구청,2024-04-03,17261,8534,8727
가정(루원시티),2024-04-03,24964,12832,12132
가정중앙시장,2024-04-03,12846,6193,6653
석남(거북시장),2024-04-03,6579,3246,3333
서부여성회관,2024-04-03,8692,4447,4245
인천가좌,2024-04-03,9130,4598,4532
가재울,2024-04-03,8605,4361,4244
주안국가산단,2024-04-03,6021,2926,3095
주안,2024-04-03,16488,6968,9520
시민공원(문화창작지대),2024-04-03,21290,10812,10478
석바위시장,2024-04-03,9158,4448,4710
인천시청,2024-04-03,7004,3387,3617
석천사거리,2024-04-03,10298,5359,4939
모래내시장,2024-04-03,16158,7845,8313
만수,2024-04-03,10525,5453,5072
남동구청,2024-04-03,9604,5029,4575
인천대공원,2024-04-03,5518,2791,2727
운연(서창),2024-04-03,2613,1394,1219
검단오류(검단산업단지),2024-04-04,5989,2960,3029
왕길,2024-04-04,5614,2808,2806
검단사거리,2024-04-04,17532,9251,8281
마전,2024-04-04,9031,4424,4607
완정,2024-04-04,16368,8459,7909
독정,2024-04-04,9591,4746,4845
검암,2024-04-04,9416,5126,4290
검바위,2024-04-04,7962,3901,4061
아시아드경기장(공촌사거리),2024-04-04,9765,5174,4591
서구청,2024-04-04,17994,8918,9076
가정(루원시티),2024-04-04,25181,12888,12293
가정중앙시장,2024-04-04,13109,6405,6704
석남(거북시장),2024-04-04,6724,3244,3480
서부여성회관,2024-04-04,8998,4585,4413
인천가좌,2024-04-04,9324,4688,4636
가재울,2024-04-04,8608,4387,4221
주안국가산단,2024-04-04,6033,2953,3080
주안,2024-04-04,16662,7113,9549
시민공원(문화창작지대),2024-04-04,22065,11303,10762
석바위시장,2024-04-04,9271,4496,4775
인천시청,2024-04-04,7519,3616,3903
석천사거리,2024-04-04,10833,5630,5203
모래내시장,2024-04-04,17606,8588,9018
만수,2024-04-04,10989,5670,5319
남동구청,2024-04-04,10044,5202,4842
인천대공원,2024-04-04,10169,5066,5103
운연(서창),2024-04-04,2745,1458,1287
검단오류(검단산업단지),2024-04-05,5842,2840,3002
왕길,2024-04-05,5571,2852,2719
검단사거리,2024-04-05,18829,9820,9009
마전,2024-04-05,9267,4512,4755
완정,2024-04-05,17029,8839,8190
독정,2024-04-05,9674,4827,4847
검암,2024-04-05,9628,5225,4403
검바위,2024-04-05,7581,3731,3850
아시아드경기장(공촌사거리),2024-04-05,9981,5321,4660
서구청,2024-04-05,18494,9118,9376
가정(루원시티),2024-04-05,25293,12904,12389
가정중앙시장,2024-04-05,13820,6748,7072
석남(거북시장),2024-04-05,6750,3294,3456
서부여성회관,2024-04-05,9135,4613,4522
인천가좌,2024-04-05,9417,4797,4620
가재울,2024-04-05,8814,4518,4296
주안국가산단,2024-04-05,5840,2823,3017
주안,2024-04-05,17294,7426,9868
시민공원(문화창작지대),2024-04-05,21999,11389,10610
석바위시장,2024-04-05,9454,4637,4817
인천시청,2024-04-05,7215,3446,3769
석천사거리,2024-04-05,10675,5592,5083
모래내시장,2024-04-05,17701,8572,9129
만수,2024-04-05,11449,5930,5519
남동구청,2024-04-05,10292,5487,4805
인천대공원,2024-04-05,12363,6147,6216
운연(서창),2024-04-05,2782,1496,1286
검단오류(검단산업단지),2024-04-06,2309,1286,1023
왕길,2024-04-06,3482,1814,1668
검단사거리,2024-04-06,14755,7591,7164
마전,2024-04-06,6388,3150,3238
완정,2024-04-06,11823,6304,5519
독정,2024-04-06,6695,3304,3391
검암,2024-04-06,6599,3571,3028
검바위,2024-04-06,4213,2034,2179
아시아드경기장(공촌사거리),2024-04-06,7219,3732,3487
서구청,2024-04-06,12714,6351,6363
가정(루원시티),2024-04-06,16796,8754,8042
가정중앙시장,2024-04-06,11409,5760,5649
석남(거북시장),2024-04-06,5606,2675,2931
서부여성회관,2024-04-06,6989,3552,3437
인천가좌,2024-04-06,5788,2951,2837
가재울,2024-04-06,5758,3004,2754
주안국가산단,2024-04-06,1506,756,750
주안,2024-04-06,16055,6696,9359
시민공원(문화창작지대),2024-04-06,18227,9483,8744
석바위시장,2024-04-06,8137,3984,4153
인천시청,2024-04-06,7143,3300,3843
석천사거리,2024-04-06,9203,5002,4201
모래내시장,2024-04-06,18709,9160,9549
만수,2024-04-06,10933,5785,5148
남동구청,2024-04-06,8584,4609,3975
인천대공원,2024-04-06,50765,24585,26180
운연(서창),2024-04-06,3530,1895,1635
검단오류(검단산업단지),2024-04-07,1707,862,845
왕길,2024-04-07,2359,1202,1157
검단사거리,2024-04-07,11580,5746,5834
마전,2024-04-07,4799,2314,2485
완정,2024-04-07,8408,4278,4130
독정,2024-04-07,5422,2703,2719
검암,2024-04-07,5343,2845,2498
검바위,2024-04-07,3193,1531,1662
아시아드경기장(공촌사거리),2024-04-07,5725,3000,2725
서구청,2024-04-07,8796,4478,4318
가정(루원시티),2024-04-07,11950,6111,5839
가정중앙시장,2024-04-07,8687,4272,4415
석남(거북시장),2024-04-07,4069,1935,2134
서부여성회관,2024-04-07,6205,3262,2943
인천가좌,2024-04-07,4296,2185,2111
가재울,2024-04-07,4643,2361,2282
주안국가산단,2024-04-07,950,454,496
주안,2024-04-07,11930,4938,6992
시민공원(문화창작지대),2024-04-07,14941,7755,7186
석바위시장,2024-04-07,6257,3133,3124
인천시청,2024-04-07,5795,2682,3113
석천사거리,2024-04-07,7211,3918,3293
모래내시장,2024-04-07,15956,7846,8110
만수,2024-04-07,8950,4682,4268
남동구청,2024-04-07,6712,3626,3086
인천대공원,2024-04-07,47034,22819,24215
운연(서창),2024-04-07,3279,1839,1440
검단오류(검단산업단지),2024-04-08,5939,2888,3051
왕길,2024-04-08,5538,2795,2743
검단사거리,2024-04-08,17355,9090,8265
마전,2024-04-08,9111,4430,4681
완정,2024-04-08,15959,8329,7630
독정,2024-04-08,9409,4654,4755
검암,2024-04-08,9300,5055,4245
검바위,2024-04-08,7570,3709,3861
아시아드경기장(공촌사거리),2024-04-08,9657,5137,4520
서구청,2024-04-08,17661,8805,8856
가정(루원시티),2024-04-08,24459,12588,11871
가정중앙시장,2024-04-08,12826,6307,6519
석남(거북시장),2024-04-08,6635,3246,3389
서부여성회관,2024-04-08,8598,4423,4175
인천가좌,2024-04-08,9100,4587,4513
가재울,2024-04-08,8567,4323,4244
주안국가산단,2024-04-08,6121,3000,3121
주안,2024-04-08,16693,7184,9509
시민공원(문화창작지대),2024-04-08,22067,11305,10762
석바위시장,2024-04-08,9390,4536,4854
인천시청,2024-04-08,7107,3475,3632
석천사거리,2024-04-08,10565,5543,5022
모래내시장,2024-04-08,17703,8599,9104
만수,2024-04-08,10897,5601,5296
남동구청,2024-04-08,9989,5205,4784
인천대공원,2024-04-08,14949,7466,7483
운연(서창),2024-04-08,2757,1461,1296
검단오류(검단산업단지),2024-04-09,6054,2955,3099
왕길,2024-04-09,5756,2935,2821
검단사거리,2024-04-09,18510,9658,8852
마전,2024-04-09,9406,4599,4807
완정,2024-04-09,16905,8822,8083
독정,2024-04-09,9803,4914,4889
검암,2024-04-09,9785,5386,4399
검바위,2024-04-09,7744,3802,3942
아시아드경기장(공촌사거리),2024-04-09,9741,5269,4472
서구청,2024-04-09,18675,9214,9461
가정(루원시티),2024-04-09,25973,13374,12599
가정중앙시장,2024-04-09,13874,6731,7143
석남(거북시장),2024-04-09,6678,3306,3372
서부여성회관,2024-04-09,8968,4591,4377
인천가좌,2024-04-09,9534,4827,4707
가재울,2024-04-09,9148,4712,4436
주안국가산단,2024-04-09,6172,2990,3182
주안,2024-04-09,17813,7560,10253
시민공원(문화창작지대),2024-04-09,22948,11823,11125
석바위시장,2024-04-09,9765,4735,5030
인천시청,2024-04-09,7655,3690,3965
석천사거리,2024-04-09,10997,5797,5200
모래내시장,2024-04-09,18484,8964,9520
만수,2024-04-09,11599,6035,5564
남동구청,2024-04-09,10355,5415,4940
인천대공원,2024-04-09,15634,7854,7780
운연(서창),2024-04-09,2859,1552,1307
검단오류(검단산업단지),2024-04-10,2221,1117,1104
왕길,2024-04-10,3010,1531,1479
검단사거리,2024-04-10,12180,6232,5948
마전,2024-04-10,5316,2581,2735
완정,2024-04-10,9461,4955,4506
독정,2024-04-10,5361,2618,2743
검암,2024-04-10,5956,3259,2697
검바위,2024-04-10,3846,1867,1979
아시아드경기장(공촌사거리),2024-04-10,5890,3122,2768
서구청,2024-04-10,10450,5142,5308
가정(루원시티),2024-04-10,13236,6846,6390
가정중앙시장,2024-04-10,9456,4685,4771
석남(거북시장),2024-04-10,4406,2137,2269
서부여성회관,2024-04-10,5796,2996,2800
인천가좌,2024-04-10,4949,2499,2450
가재울,2024-04-10,4950,2534,2416
주안국가산단,2024-04-10,1613,759,854
주안,2024-04-10,12108,5019,7089
시민공원(문화창작지대),2024-04-10,14647,7494,7153
석바위시장,2024-04-10,6540,3228,3312
인천시청,2024-04-10,4830,2295,2535
석천사거리,2024-04-10,6574,3556,3018
모래내시장,2024-04-10,14427,7053,7374
만수,2024-04-10,8145,4211,3934
남동구청,2024-04-10,6089,3159,2930
인천대공원,2024-04-10,25736,12540,13196
운연(서창),2024-04-10,2210,1149,1061
검단오류(검단산업단지),2024-04-11,5949,2920,3029
왕길,2024-04-11,5506,2764,2742
검단사거리,2024-04-11,17301,9068,8233
마전,2024-04-11,8960,4290,4670
완정,2024-04-11,15835,8206,7629
독정,2024-04-11,9414,4726,4688
검암,2024-04-11,9128,4983,4145
검바위,2024-04-11,7557,3686,3871
아시아드경기장(공촌사거리),2024-04-11,9856,5274,4582
서구청,2024-04-11,17761,8858,8903
가정(루원시티),2024-04-11,24225,12388,11837
가정중앙시장,2024-04-11,12794,6206,6588
석남(거북시장),2024-04-11,6491,3169,3322
서부여성회관,2024-04-11,8561,4351,4210
인천가좌,2024-04-11,9146,4599,4547
가재울,2024-04-11,8432,4274,4158
주안국가산단,2024-04-11,5947,2880,3067
주안,2024-04-11,16504,7097,9407
시민공원(문화창작지대),2024-04-11,21754,11143,10611
석바위시장,2024-04-11,9010,4361,4649
인천시청,2024-04-11,7040,3394,3646
석천사거리,2024-04-11,10244,5352,4892
모래내시장,2024-04-11,16639,8135,8504
만수,2024-04-11,10679,5545,5134
남동구청,2024-04-11,9529,4969,4560
인천대공원,2024-04-11,8809,4362,4447
운연(서창),2024-04-11,2655,1430,1225
검단오류(검단산업단지),2024-04-12,5962,2921,3041
왕길,2024-04-12,5785,2929,2856
검단사거리,2024-04-12,18483,9687,8796
마전,2024-04-12,9258,4468,4790
완정,2024-04-12,16744,8670,8074
독정,2024-04-12,9707,4895,4812
검암,2024-04-12,9521,5242,4279
검바위,2024-04-12,7799,3823,3976
아시아드경기장(공촌사거리),2024-04-12,9977,5336,4641
서구청,2024-04-12,18366,9059,9307
가정(루원시티),2024-04-12,25181,12963,12218
가정중앙시장,2024-04-12,13576,6599,6977
석남(거북시장),2024-04-12,6673,3238,3435
서부여성회관,2024-04-12,9081,4635,4446
인천가좌,2024-04-12,9385,4724,4661
가재울,2024-04-12,8739,4485,4254
주안국가산단,2024-04-12,5956,2905,3051
주안,2024-04-12,17271,7431,9840
시민공원(문화창작지대),2024-04-12,21860,11252,10608
석바위시장,2024-04-12,9468,4555,4913
인천시청,2024-04-12,7752,3705,4047
석천사거리,2024-04-12,10693,5560,5133
모래내시장,2024-04-12,18186,8818,9368
만수,2024-04-12,11453,5983,5470
남동구청,2024-04-12,10213,5319,4894
인천대공원,2024-04-12,9567,4807,4760
운연(서창),2024-04-12,2875,1543,1332
검단오류(검단산업단지),2024-04-13,2306,1237,1069
왕길,2024-04-13,3333,1728,1605
검단사거리,2024-04-13,14313,7504,6809
마전,2024-04-13,6610,3313,3297
완정,2024-04-13,11246,5910,5336
독정,2024-04-13,6606,3370,3236
검암,2024-04-13,6828,3692,3136
검바위,2024-04-13,4140,2027,2113
아시아드경기장(공촌사거리),2024-04-13,7156,3701,3455
서구청,2024-04-13,11835,5941,5894
가정(루원시티),2024-04-13,15477,8020,7457
가정중앙시장,2024-04-13,10699,5278,5421
석남(거북시장),2024-04-13,5051,2417,2634
서부여성회관,2024-04-13,6762,3487,3275
인천가좌,2024-04-13,5251,2720,2531
가재울,2024-04-13,5707,2947,2760
주안국가산단,2024-04-13,1517,740,777
주안,2024-04-13,14419,5895,8524
시민공원(문화창작지대),2024-04-13,16051,8286,7765
석바위시장,2024-04-13,7464,3644,3820
인천시청,2024-04-13,5412,2572,2840
석천사거리,2024-04-13,6680,3503,3177
모래내시장,2024-04-13,14541,7119,7422
만수,2024-04-13,8768,4541,4227
남동구청,2024-04-13,6547,3493,3054
인천대공원,2024-04-13,15396,7521,7875
운연(서창),2024-04-13,2177,1179,998
검단오류(검단산업단지),2024-04-14,1759,872,887
왕길,2024-04-14,2275,1157,1118
검단사거리,2024-04-14,10670,5294,5376
마전,2024-04-14,4298,2134,2164
완정,2024-04-14,7786,3947,3839
독정,2024-04-14,4346,2166,2180
검암,2024-04-14,5041,2659,2382
검바위,2024-04-14,3140,1455,1685
아시아드경기장(공촌사거리),2024-04-14,5573,2857,2716
서구청,2024-04-14,8316,4207,4109
가정(루원시티),2024-04-14,11135,5725,5410
가정중앙시장,2024-04-14,7925,3882,4043
석남(거북시장),2024-04-14,3599,1717,1882
서부여성회관,2024-04-14,5413,2805,2608
인천가좌,2024-04-14,3768,1893,1875
가재울,2024-04-14,3834,1924,1910
주안국가산단,2024-04-14,721,327,394
주안,2024-04-14,10118,4157,5961
시민공원(문화창작지대),2024-04-14,11907,6137,5770
석바위시장,2024-04-14,5606,2698,2908
인천시청,2024-04-14,4083,1946,2137
석천사거리,2024-04-14,5537,2939,2598
모래내시장,2024-04-14,11696,5738,5958
만수,2024-04-14,6667,3433,3234
남동구청,2024-04-14,4838,2517,2321
인천대공원,2024-04-14,12162,6015,6147
운연(서창),2024-04-14,1735,891,844
검단오류(검단산업단지),2024-04-15,5567,2676,2891
왕길,2024-04-15,5118,2579,2539
검단사거리,2024-04-15,16144,8477,7667
마전,2024-04-15,8705,4233,4472
완정,2024-04-15,15293,7895,7398
독정,2024-04-15,9158,4578,4580
검암,2024-04-15,8697,4755,3942
검바위,2024-04-15,7077,3490,3587
아시아드경기장(공촌사거리),2024-04-15,8943,4750,4193
서구청,2024-04-15,16119,8009,8110
가정(루원시티),2024-04-15,23139,11818,11321
가정중앙시장,2024-04-15,11282,5504,5778
석남(거북시장),2024-04-15,5845,2864,2981
서부여성회관,2024-04-15,7695,3898,3797
인천가좌,2024-04-15,8704,4383,4321
가재울,2024-04-15,7938,3998,3940
주안국가산단,2024-04-15,5891,2856,3035
주안,2024-04-15,15107,6442,8665
시민공원(문화창작지대),2024-04-15,19957,10249,9708
석바위시장,2024-04-15,8542,4104,4438
인천시청,2024-04-15,6097,3003,3094
석천사거리,2024-04-15,9617,5035,4582
모래내시장,2024-04-15,13971,6829,7142
만수,2024-04-15,9473,4916,4557
남동구청,2024-04-15,8706,4547,4159
인천대공원,2024-04-15,2862,1431,1431
운연(서창),2024-04-15,2196,1178,1018
검단오류(검단산업단지),2024-04-16,5970,2964,3006
왕길,2024-04-16,5622,2807,2815
검단사거리,2024-04-16,17336,9120,8216
마전,2024-04-16,9124,4442,4682
완정,2024-04-16,16183,8359,7824
독정,2024-04-16,9529,4727,4802
검암,2024-04-16,9339,5164,4175
검바위,2024-04-16,7591,3700,3891
아시아드경기장(공촌사거리),2024-04-16,9721,5184,4537
서구청,2024-04-16,17679,8766,8913
가정(루원시티),2024-04-16,24737,12611,12126
가정중앙시장,2024-04-16,13090,6313,6777
석남(거북시장),2024-04-16,6315,3093,3222
서부여성회관,2024-04-16,8487,4339,4148
인천가좌,2024-04-16,9235,4668,4567
가재울,2024-04-16,8604,4396,4208
주안국가산단,2024-04-16,6095,2997,3098
주안,2024-04-16,16388,7031,9357
시민공원(문화창작지대),2024-04-16,21502,11048,10454
석바위시장,2024-04-16,9253,4471,4782
인천시청,2024-04-16,7110,3444,3666
석천사거리,2024-04-16,10317,5357,4960
모래내시장,2024-04-16,16478,8061,8417
만수,2024-04-16,10597,5517,5080
남동구청,2024-04-16,9997,5204,4793
인천대공원,2024-04-16,5279,2654,2625
운연(서창),2024-04-16,2660,1415,1245
검단오류(검단산업단지),2024-04-17,6181,3027,3154
왕길,2024-04-17,5584,2792,2792
검단사거리,2024-04-17,17750,9341,8409
마전,2024-04-17,9065,4355,4710
완정,2024-04-17,16636,8539,8097
독정,2024-04-17,9597,4828,4769
검암,2024-04-17,9471,5177,4294
검바위,2024-04-17,7787,3833,3954
아시아드경기장(공촌사거리),2024-04-17,10228,5391,4837
서구청,2024-04-17,17800,8818,8982
가정(루원시티),2024-04-17,25192,12944,12248
가정중앙시장,2024-04-17,13676,6672,7004
석남(거북시장),2024-04-17,6642,3219,3423
서부여성회관,2024-04-17,8775,4493,4282
인천가좌,2024-04-17,9449,4730,4719
가재울,2024-04-17,8804,4504,4300
주안국가산단,2024-04-17,6107,2980,3127
주안,2024-04-17,16872,7228,9644
시민공원(문화창작지대),2024-04-17,22109,11289,10820
석바위시장,2024-04-17,9580,4678,4902
인천시청,2024-04-17,7479,3567,3912
석천사거리,2024-04-17,10587,5506,5081
모래내시장,2024-04-17,16878,8235,8643
만수,2024-04-17,10836,5577,5259
남동구청,2024-04-17,10329,5409,4920
인천대공원,2024-04-17,6881,3453,3428
운연(서창),2024-04-17,2905,1568,1337
검단오류(검단산업단지),2024-04-18,6054,2978,3076
왕길,2024-04-18,5676,2849,2827
검단사거리,2024-04-18,17397,9082,8315
마전,2024-04-18,9136,4425,4711
완정,2024-04-18,16981,8758,8223
독정,2024-04-18,9607,4787,4820
검암,2024-04-18,9382,5127,4255
검바위,2024-04-18,7542,3665,3877
아시아드경기장(공촌사거리),2024-04-18,9910,5276,4634
서구청,2024-04-18,17848,8787,9061
가정(루원시티),2024-04-18,24880,12723,12157
가정중앙시장,2024-04-18,13356,6565,6791
석남(거북시장),2024-04-18,6584,3239,3345
서부여성회관,2024-04-18,8888,4484,4404
인천가좌,2024-04-18,9189,4655,4534
가재울,2024-04-18,8838,4510,4328
주안국가산단,2024-04-18,5803,2792,3011
주안,2024-04-18,16612,7134,9478
시민공원(문화창작지대),2024-04-18,22066,11283,10783
석바위시장,2024-04-18,9206,4393,4813
인천시청,2024-04-18,7509,3583,3926
석천사거리,2024-04-18,10556,5492,5064
모래내시장,2024-04-18,17224,8373,8851
만수,2024-04-18,10961,5629,5332
남동구청,2024-04-18,10173,5339,4834
인천대공원,2024-04-18,9377,4711,4666
운연(서창),2024-04-18,2767,1478,1289
검단오류(검단산업단지),2024-04-19,5890,2896,2994
왕길,2024-04-19,5812,2959,2853
검단사거리,2024-04-19,18421,9639,8782
마전,2024-04-19,9229,4465,4764
완정,2024-04-19,16422,8574,7848
독정,2024-04-19,9910,4968,4942
검암,2024-04-19,9563,5240,4323
검바위,2024-04-19,7793,3837,3956
아시아드경기장(공촌사거리),2024-04-19,10161,5437,4724
서구청,2024-04-19,18644,9267,9377
가정(루원시티),2024-04-19,25235,12900,12335
가정중앙시장,2024-04-19,13943,6837,7106
석남(거북시장),2024-04-19,6684,3247,3437
서부여성회관,2024-04-19,9183,4669,4514
인천가좌,2024-04-19,9639,4879,4760
가재울,2024-04-19,8915,4545,4370
주안국가산단,2024-04-19,5540,2686,2854
주안,2024-04-19,17214,7334,9880
시민공원(문화창작지대),2024-04-19,21975,11289,10686
석바위시장,2024-04-19,9565,4621,4944
인천시청,2024-04-19,7521,3588,3933
석천사거리,2024-04-19,10399,5496,4903
모래내시장,2024-04-19,17808,8626,9182
만수,2024-04-19,11365,5898,5467
남동구청,2024-04-19,10410,5459,4951
인천대공원,2024-04-19,8072,4050,4022
운연(서창),2024-04-19,2858,1555,1303
검단오류(검단산업단지),2024-04-20,2064,1126,938
왕길,2024-04-20,2909,1504,1405
검단사거리,2024-04-20,12825,6697,6128
마전,2024-04-20,5685,2811,2874
완정,2024-04-20,9854,5197,4657
독정,2024-04-20,5844,2905,2939
검암,2024-04-20,5385,2925,2460
검바위,2024-04-20,3801,1836,1965
아시아드경기장(공촌사거리),2024-04-20,6343,3222,3121
서구청,2024-04-20,11035,5553,5482
가정(루원시티),2024-04-20,14473,7568,6905
가정중앙시장,2024-04-20,9518,4681,4837
석남(거북시장),2024-04-20,4378,2081,2297
서부여성회관,2024-04-20,5889,3024,2865
인천가좌,2024-04-20,4580,2319,2261
가재울,2024-04-20,4454,2292,2162
주안국가산단,2024-04-20,1511,747,764
주안,2024-04-20,12629,5103,7526
시민공원(문화창작지대),2024-04-20,14330,7379,6951
석바위시장,2024-04-20,6578,3213,3365
인천시청,2024-04-20,4669,2221,2448
석천사거리,2024-04-20,6004,3139,2865
모래내시장,2024-04-20,12152,5951,6201
만수,2024-04-20,7267,3755,3512
남동구청,2024-04-20,5703,2927,2776
인천대공원,2024-04-20,5102,2528,2574
운연(서창),2024-04-20,1683,881,802
검단오류(검단산업단지),2024-04-21,1624,792,832
왕길,2024-04-21,2207,1115,1092
검단사거리,2024-04-21,10123,5068,5055
마전,2024-04-21,4237,2044,2193
완정,2024-04-21,7586,3898,3688
독정,2024-04-21,4743,2358,2385
검암,2024-04-21,4445,2390,2055
검바위,2024-04-21,3165,1532,1633
아시아드경기장(공촌사거리),2024-04-21,5237,2721,2516
서구청,2024-04-21,8247,4115,4132
가정(루원시티),2024-04-21,10855,5471,5384
가정중앙시장,2024-04-21,7912,3916,3996
석남(거북시장),2024-04-21,3495,1646,1849
서부여성회관,2024-04-21,5284,2688,2596
인천가좌,2024-04-21,3624,1821,1803
가재울,2024-04-21,3741,1862,1879
주안국가산단,2024-04-21,740,330,410
주안,2024-04-21,9866,4076,5790
시민공원(문화창작지대),2024-04-21,11550,5951,5599
석바위시장,2024-04-21,5344,2574,2770
인천시청,2024-04-21,4080,1933,2147
석천사거리,2024-04-21,5029,2657,2372
모래내시장,2024-04-21,11044,5403,5641
만수,2024-04-21,6186,3246,2940
남동구청,2024-04-21,4638,2408,2230
인천대공원,2024-04-21,9122,4545,4577
운연(서창),2024-04-21,1612,857,755
검단오류(검단산업단지),2024-04-22,5763,2817,2946
왕길,2024-04-22,5569,2805,2764
검단사거리,2024-04-22,17589,9190,8399
마전,2024-04-22,8901,4329,4572
완정,2024-04-22,16056,8298,7758
독정,2024-04-22,9832,4917,4915
검암,2024-04-22,9254,5091,4163
검바위,2024-04-22,7520,3657,3863
아시아드경기장(공촌사거리),2024-04-22,9855,5200,4655
서구청,2024-04-22,17854,8878,8976
가정(루원시티),2024-04-22,24294,12469,11825
가정중앙시장,2024-04-22,12984,6360,6624
석남(거북시장),2024-04-22,6400,3118,3282
서부여성회관,2024-04-22,8516,4354,4162
인천가좌,2024-04-22,9275,4697,4578
가재울,2024-04-22,8677,4431,4246
주안국가산단,2024-04-22,5877,2897,2980
주안,2024-04-22,16529,7146,9383
시민공원(문화창작지대),2024-04-22,21540,11044,10496
석바위시장,2024-04-22,9252,4482,4770
인천시청,2024-04-22,6991,3376,3615
석천사거리,2024-04-22,10165,5311,4854
모래내시장,2024-04-22,16897,8224,8673
만수,2024-04-22,10620,5488,5132
남동구청,2024-04-22,9733,5050,4683
인천대공원,2024-04-22,6909,3479,3430
운연(서창),2024-04-22,2691,1421,1270
검단오류(검단산업단지),2024-04-23,6056,2972,3084
왕길,2024-04-23,5529,2745,2784
검단사거리,2024-04-23,17277,9127,8150
마전,2024-04-23,9013,4377,4636
완정,2024-04-23,16089,8358,7731
독정,2024-04-23,9395,4713,4682
검암,2024-04-23,9516,5143,4373
검바위,2024-04-23,7676,3712,3964
아시아드경기장(공촌사거리),2024-04-23,10085,5389,4696
서구청,2024-04-23,18570,9184,9386
가정(루원시티),2024-04-23,24600,12548,12052
가정중앙시장,2024-04-23,13091,6339,6752
석남(거북시장),2024-04-23,6523,3202,3321
서부여성회관,2024-04-23,8593,4346,4247
인천가좌,2024-04-23,9247,4686,4561
가재울,2024-04-23,8783,4442,4341
주안국가산단,2024-04-23,6105,2952,3153
주안,2024-04-23,16643,7150,9493
시민공원(문화창작지대),2024-04-23,21659,11077,10582
석바위시장,2024-04-23,9310,4510,4800
인천시청,2024-04-23,7239,3550,3689
석천사거리,2024-04-23,10521,5440,5081
모래내시장,2024-04-23,17013,8318,8695
만수,2024-04-23,10719,5604,5115
남동구청,2024-04-23,9920,5159,4761
인천대공원,2024-04-23,7523,3823,3700
운연(서창),2024-04-23,2740,1471,1269
검단오류(검단산업단지),2024-04-24,5861,2895,2966
왕길,2024-04-24,5553,2752,2801
검단사거리,2024-04-24,16956,8901,8055
마전,2024-04-24,8922,4383,4539
완정,2024-04-24,16063,8250,7813
독정,2024-04-24,9533,4744,4789
검암,2024-04-24,9350,5113,4237
검바위,2024-04-24,7457,3628,3829
아시아드경기장(공촌사거리),2024-04-24,10061,5343,4718
서구청,2024-04-24,17683,8730,8953
가정(루원시티),2024-04-24,24317,12476,11841
가정중앙시장,2024-04-24,12885,6277,6608
석남(거북시장),2024-04-24,6348,3088,3260
서부여성회관,2024-04-24,8454,4285,4169
인천가좌,2024-04-24,9157,4635,4522
가재울,2024-04-24,8604,4372,4232
주안국가산단,2024-04-24,5952,2882,3070
주안,2024-04-24,16896,7231,9665
시민공원(문화창작지대),2024-04-24,21363,10987,10376
석바위시장,2024-04-24,9202,4472,4730
인천시청,2024-04-24,7235,3475,3760
석천사거리,2024-04-24,10204,5303,4901
모래내시장,2024-04-24,16163,7823,8340
만수,2024-04-24,10514,5460,5054
남동구청,2024-04-24,9769,5133,4636
인천대공원,2024-04-24,5010,2511,2499
운연(서창),2024-04-24,2548,1344,1204
검단오류(검단산업단지),2024-04-25,6028,2958,3070
왕길,2024-04-25,5653,2829,2824
검단사거리,2024-04-25,17605,9182,8423
마전,2024-04-25,9109,4422,4687
완정,2024-04-25,16559,8598,7961
독정,2024-04-25,9809,4878,4931
검암,2024-04-25,9551,5217,4334
검바위,2024-04-25,7631,3748,3883
아시아드경기장(공촌사거리),2024-04-25,9925,5317,4608
서구청,2024-04-25,18561,9178,9383
가정(루원시티),2024-04-25,24715,12611,12104
가정중앙시장,2024-04-25,13680,6728,6952
석남(거북시장),2024-04-25,6616,3198,3418
서부여성회관,2024-04-25,8871,4472,4399
인천가좌,2024-04-25,9293,4683,4610
가재울,2024-04-25,8873,4508,4365
주안국가산단,2024-04-25,5919,2865,3054
주안,2024-04-25,17011,7288,9723
시민공원(문화창작지대),2024-04-25,21996,11251,10745
석바위시장,2024-04-25,9279,4471,4808
인천시청,2024-04-25,7184,3451,3733
석천사거리,2024-04-25,10818,5658,5160
모래내시장,2024-04-25,17151,8371,8780
만수,2024-04-25,10829,5630,5199
남동구청,2024-04-25,10027,5255,4772
인천대공원,2024-04-25,7301,3622,3679
운연(서창),2024-04-25,2757,1484,1273
검단오류(검단산업단지),2024-04-26,5922,2900,3022
왕길,2024-04-26,5756,2885,2871
검단사거리,2024-04-26,18519,9636,8883
마전,2024-04-26,9195,4491,4704
완정,2024-04-26,16843,8740,8103
독정,2024-04-26,10133,5087,5046
검암,2024-04-26,9388,5152,4236
검바위,2024-04-26,7621,3718,3903
아시아드경기장(공촌사거리),2024-04-26,9998,5292,4706
서구청,2024-04-26,18735,9235,9500
가정(루원시티),2024-04-26,25332,13031,12301
가정중앙시장,2024-04-26,13989,6771,7218
석남(거북시장),2024-04-26,6785,3274,3511
서부여성회관,2024-04-26,8980,4579,4401
인천가좌,2024-04-26,9461,4806,4655
가재울,2024-04-26,8704,4463,4241
주안국가산단,2024-04-26,5747,2768,2979
주안,2024-04-26,17221,7269,9952
시민공원(문화창작지대),2024-04-26,21974,11233,10741
석바위시장,2024-04-26,9818,4773,5045
인천시청,2024-04-26,7260,3514,3746
석천사거리,2024-04-26,10502,5475,5027
모래내시장,2024-04-26,17612,8583,9029
만수,2024-04-26,11450,5971,5479
남동구청,2024-04-26,10225,5352,4873
인천대공원,2024-04-26,7595,3800,3795
운연(서창),2024-04-26,2839,1532,1307
검단오류(검단산업단지),2024-04-27,2331,1269,1062
왕길,2024-04-27,3501,1794,1707
검단사거리,2024-04-27,14565,7585,6980
마전,2024-04-27,6229,3095,3134
완정,2024-04-27,11320,5968,5352
독정,2024-04-27,6916,3451,3465
검암,2024-04-27,6851,3827,3024
검바위,2024-04-27,4812,2363,2449
아시아드경기장(공촌사거리),2024-04-27,7419,3833,3586
서구청,2024-04-27,12354,6134,6220
가정(루원시티),2024-04-27,16515,8500,8015
가정중앙시장,2024-04-27,10846,5383,5463
석남(거북시장),2024-04-27,5015,2368,2647
서부여성회관,2024-04-27,6696,3451,3245
인천가좌,2024-04-27,5253,2671,2582
가재울,2024-04-27,5330,2742,2588
주안국가산단,2024-04-27,1600,783,817
주안,2024-04-27,14815,5964,8851
시민공원(문화창작지대),2024-04-27,15882,8220,7662
석바위시장,2024-04-27,7037,3429,3608
인천시청,2024-04-27,5385,2564,2821
석천사거리,2024-04-27,7203,3827,3376
모래내시장,2024-04-27,15034,7324,7710
만수,2024-04-27,8357,4369,3988
남동구청,2024-04-27,6694,3516,3178
인천대공원,2024-04-27,10533,5299,5234
운연(서창),2024-04-27,2214,1172,1042
검단오류(검단산업단지),2024-04-28,1686,834,852
왕길,2024-04-28,2393,1210,1183
검단사거리,2024-04-28,10519,5326,5193
마전,2024-04-28,4376,2121,2255
완정,2024-04-28,8021,4013,4008
독정,2024-04-28,4186,2084,2102
검암,2024-04-28,4610,2466,2144
검바위,2024-04-28,3093,1467,1626
아시아드경기장(공촌사거리),2024-04-28,5717,2978,2739
서구청,2024-04-28,8253,4179,4074
가정(루원시티),2024-04-28,11148,5683,5465
가정중앙시장,2024-04-28,8029,3938,4091
석남(거북시장),2024-04-28,3764,1791,1973
서부여성회관,2024-04-28,5348,2727,2621
인천가좌,2024-04-28,3758,1898,1860
가재울,2024-04-28,3877,1964,1913
주안국가산단,2024-04-28,667,303,364
주안,2024-04-28,10679,4314,6365
시민공원(문화창작지대),2024-04-28,12299,6380,5919
석바위시장,2024-04-28,5479,2707,2772
인천시청,2024-04-28,3898,1870,2028
석천사거리,2024-04-28,5234,2790,2444
모래내시장,2024-04-28,11521,5564,5957
만수,2024-04-28,6475,3365,3110
남동구청,2024-04-28,4898,2525,2373
인천대공원,2024-04-28,10119,5021,5098
운연(서창),2024-04-28,1605,842,763
검단오류(검단산업단지),2024-04-29,5911,2901,3010
왕길,2024-04-29,5501,2753,2748
검단사거리,2024-04-29,17212,9090,8122
마전,2024-04-29,8992,4328,4664
완정,2024-04-29,15862,8184,7678
독정,2024-04-29,9700,4871,4829
검암,2024-04-29,9042,4935,4107
검바위,2024-04-29,7407,3643,3764
아시아드경기장(공촌사거리),2024-04-29,9672,5108,4564
서구청,2024-04-29,17767,8848,8919
가정(루원시티),2024-04-29,24236,12404,11832
가정중앙시장,2024-04-29,12871,6316,6555
석남(거북시장),2024-04-29,6274,3073,3201
서부여성회관,2024-04-29,8224,4225,3999
인천가좌,2024-04-29,9231,4685,4546
가재울,2024-04-29,8384,4223,4161
주안국가산단,2024-04-29,5945,2901,3044
주안,2024-04-29,16531,7057,9474
시민공원(문화창작지대),2024-04-29,21536,11049,10487
석바위시장,2024-04-29,9043,4404,4639
인천시청,2024-04-29,6793,3312,3481
석천사거리,2024-04-29,10125,5298,4827
모래내시장,2024-04-29,16650,8151,8499
만수,2024-04-29,10584,5464,5120
남동구청,2024-04-29,9644,5034,4610
인천대공원,2024-04-29,6286,3193,3093
운연(서창),2024-04-29,2703,1434,1269
검단오류(검단산업단지),2024-04-30,6067,2959,3108
왕길,2024-04-30,5619,2841,2778
검단사거리,2024-04-30,18216,9638,8578
마전,2024-04-30,9182,4467,4715
완정,2024-04-30,16577,8596,7981
독정,2024-04-30,10021,5063,4958
검암,2024-04-30,9667,5285,4382
검바위,2024-04-30,7699,3780,3919
아시아드경기장(공촌사거리),2024-04-30,10148,5451,4697
서구청,2024-04-30,18983,9337,9646
가정(루원시티),2024-04-30,25344,12937,12407
가정중앙시장,2024-04-30,13561,6610,6951
석남(거북시장),2024-04-30,6695,3262,3433
서부여성회관,2024-04-30,8610,4394,4216
인천가좌,2024-04-30,9358,4708,4650
가재울,2024-04-30,8813,4543,4270
주안국가산단,2024-04-30,6056,2925,3131
주안,2024-04-30,17572,7399,10173
시민공원(문화창작지대),2024-04-30,22443,11544,10899
석바위시장,2024-04-30,9672,4696,4976
인천시청,2024-04-30,7910,3900,4010
석천사거리,2024-04-30,10571,5591,4980
모래내시장,2024-04-30,17838,8643,9195
만수,2024-04-30,10971,5754,5217
남동구청,2024-04-30,10264,5369,4895
인천대공원,2024-04-30,7788,3870,3918
운연(서창),2024-04-30,2838,1509,1329
검단오류(검단산업단지),2024-05-01,2382,1226,1156
왕길,2024-05-01,3622,1798,1824
검단사거리,2024-05-01,13884,7189,6695
마전,2024-05-01,6734,3232,3502
완정,2024-05-01,11640,5956,5684
독정,2024-05-01,7094,3498,3596
검암,2024-05-01,6131,3340,2791
검바위,2024-05-01,4245,2021,2224
아시아드경기장(공촌사거리),2024-05-01,7342,3840,3502
서구청,2024-05-01,13106,6539,6567
가정(루원시티),2024-05-01,15663,7992,7671
가정중앙시장,2024-05-01,10563,5158,5405
석남(거북시장),2024-05-01,4852,2349,2503
서부여성회관,2024-05-01,6380,3264,3116
인천가좌,2024-05-01,5578,2818,2760
가재울,2024-05-01,5448,2769,2679
주안국가산단,2024-05-01,1845,893,952
주안,2024-05-01,14202,5905,8297
시민공원(문화창작지대),2024-05-01,16671,8501,8170
석바위시장,2024-05-01,7356,3598,3758
인천시청,2024-05-01,6081,2955,3126
석천사거리,2024-05-01,7670,3973,3697
모래내시장,2024-05-01,14825,7267,7558
만수,2024-05-01,8578,4478,4100
남동구청,2024-05-01,7015,3629,3386
인천대공원,2024-05-01,10406,5185,5221
운연(서창),2024-05-01,2122,1119,1003
검단오류(검단산업단지),2024-05-02,6000,2956,3044
왕길,2024-05-02,5688,2836,2852
검단사거리,2024-05-02,17996,9443,8553
마전,2024-05-02,9240,4522,4718
완정,2024-05-02,16810,8649,8161
독정,2024-05-02,9980,4978,5002
검암,2024-05-02,9441,5165,4276
검바위,2024-05-02,7682,3726,3956
아시아드경기장(공촌사거리),2024-05-02,10206,5340,4866
서구청,2024-05-02,18150,8930,9220
가정(루원시티),2024-05-02,24905,12705,12200
가정중앙시장,2024-05-02,13369,6502,6867
석남(거북시장),2024-05-02,6720,3279,3441
서부여성회관,2024-05-02,8666,4357,4309
인천가좌,2024-05-02,9179,4603,4576
가재울,2024-05-02,8978,4578,4400
주안국가산단,2024-05-02,5950,2896,3054
주안,2024-05-02,17231,7225,10006
시민공원(문화창작지대),2024-05-02,21843,11213,10630
석바위시장,2024-05-02,9271,4546,4725
인천시청,2024-05-02,7474,3575,3899
석천사거리,2024-05-02,10904,5669,5235
모래내시장,2024-05-02,17167,8367,8800
만수,2024-05-02,10914,5706,5208
남동구청,2024-05-02,10091,5248,4843
인천대공원,2024-05-02,7609,3834,3775
운연(서창),2024-05-02,2748,1480,1268
검단오류(검단산업단지),2024-05-03,6015,2962,3053
왕길,2024-05-03,5678,2872,2806
검단사거리,2024-05-03,19427,10041,9386
마전,2024-05-03,9726,4817,4909
완정,2024-05-03,18903,9819,9084
독정,2024-05-03,10777,5376,5401
검암,2024-05-03,9990,5491,4499
검바위,2024-05-03,7683,3843,3840
아시아드경기장(공촌사거리),2024-05-03,10332,5566,4766
서구청,2024-05-03,18506,9088,9418
가정(루원시티),2024-05-03,25832,13260,12572
가정중앙시장,2024-05-03,13980,6747,7233
석남(거북시장),2024-05-03,6936,3342,3594
서부여성회관,2024-05-03,9160,4646,4514
인천가좌,2024-05-03,9231,4585,4646
가재울,2024-05-03,8815,4508,4307
주안국가산단,2024-05-03,5868,2891,2977
주안,2024-05-03,17911,7529,10382
시민공원(문화창작지대),2024-05-03,22082,11340,10742
석바위시장,2024-05-03,9615,4639,4976
인천시청,2024-05-03,7611,3773,3838
석천사거리,2024-05-03,11043,5770,5273
모래내시장,2024-05-03,17845,8623,9222
만수,2024-05-03,11251,5873,5378
남동구청,2024-05-03,10139,5318,4821
인천대공원,2024-05-03,8020,4061,3959
운연(서창),2024-05-03,2814,1498,1316
검단오류(검단산업단지),2024-05-04,2377,1288,1089
왕길,2024-05-04,3286,1709,1577
검단사거리,2024-05-04,14255,7443,6812
마전,2024-05-04,6096,3097,2999
완정,2024-05-04,11162,5876,5286
독정,2024-05-04,6652,3316,3336
검암,2024-05-04,6375,3472,2903
검바위,2024-05-04,3937,1920,2017
아시아드경기장(공촌사거리),2024-05-04,6988,3552,3436
서구청,2024-05-04,11656,5835,5821
가정(루원시티),2024-05-04,15018,7834,7184
가정중앙시장,2024-05-04,10336,5074,5262
석남(거북시장),2024-05-04,4717,2283,2434
서부여성회관,2024-05-04,6496,3340,3156
인천가좌,2024-05-04,5270,2708,2562
가재울,2024-05-04,5091,2660,2431
주안국가산단,2024-05-04,1497,758,739
주안,2024-05-04,13440,5540,7900
시민공원(문화창작지대),2024-05-04,14295,7392,6903
석바위시장,2024-05-04,6611,3145,3466
인천시청,2024-05-04,4877,2336,2541
석천사거리,2024-05-04,6842,3612,3230
모래내시장,2024-05-04,14095,6953,7142
만수,2024-05-04,8189,4280,3909
남동구청,2024-05-04,6265,3261,3004
인천대공원,2024-05-04,9220,4578,4642
운연(서창),2024-05-04,1983,1004,979
검단오류(검단산업단지),2024-05-05,1367,691,676
왕길,2024-05-05,1702,864,838
검단사거리,2024-05-05,8733,4403,4330
마전,2024-05-05,3745,1871,1874
완정,2024-05-05,6379,3242,3137
독정,2024-05-05,3996,1940,2056
검암,2024-05-05,3384,1864,1520
검바위,2024-05-05,2469,1197,1272
아시아드경기장(공촌사거리),2024-05-05,4318,2232,2086
서구청,2024-05-05,6678,3288,3390
가정(루원시티),2024-05-05,8801,4422,4379
가정중앙시장,2024-05-05,5743,2822,2921
석남(거북시장),2024-05-05,2942,1382,1560
서부여성회관,2024-05-05,4288,2167,2121
인천가좌,2024-05-05,2873,1442,1431
가재울,2024-05-05,2866,1479,1387
주안국가산단,2024-05-05,654,321,333
주안,2024-05-05,8089,3184,4905
시민공원(문화창작지대),2024-05-05,9603,5002,4601
석바위시장,2024-05-05,4372,2102,2270
인천시청,2024-05-05,2798,1357,1441
석천사거리,2024-05-05,4136,2132,2004
모래내시장,2024-05-05,7417,3635,3782
만수,2024-05-05,4892,2536,2356
남동구청,2024-05-05,3452,1779,1673
인천대공원,2024-05-05,2035,987,1048
운연(서창),2024-05-05,1018,540,478
검단오류(검단산업단지),2024-05-06,1593,746,847
왕길,2024-05-06,2268,1158,1110
검단사거리,2024-05-06,9694,4954,4740
마전,2024-05-06,4131,2013,2118
완정,2024-05-06,7772,4023,3749
독정,2024-05-06,4503,2149,2354
검암,2024-05-06,3876,2134,1742
검바위,2024-05-06,2785,1322,1463
아시아드경기장(공촌사거리),2024-05-06,4538,2417,2121
서구청,2024-05-06,7616,3830,3786
가정(루원시티),2024-05-06,9856,5015,4841
가정중앙시장,2024-05-06,7117,3539,3578
석남(거북시장),2024-05-06,3265,1559,1706
서부여성회관,2024-05-06,4293,2218,2075
인천가좌,2024-05-06,3524,1739,1785
가재울,2024-05-06,3447,1679,1768
주안국가산단,2024-05-06,1187,547,640
주안,2024-05-06,9613,3874,5739
시민공원(문화창작지대),2024-05-06,10345,5326,5019
석바위시장,2024-05-06,4721,2351,2370
인천시청,2024-05-06,3073,1456,1617
석천사거리,2024-05-06,4533,2318,2215
모래내시장,2024-05-06,8806,4384,4422
만수,2024-05-06,5243,2665,2578
남동구청,2024-05-06,4011,2041,1970
인천대공원,2024-05-06,2940,1478,1462
운연(서창),2024-05-06,1161,604,557
검단오류(검단산업단지),2024-05-07,5893,2910,2983
왕길,2024-05-07,5445,2727,2718
검단사거리,2024-05-07,17173,8980,8193
마전,2024-05-07,8885,4372,4513
완정,2024-05-07,16502,8524,7978
독정,2024-05-07,9359,4642,4717
검암,2024-05-07,9180,4985,4195
검바위,2024-05-07,7524,3698,3826
아시아드경기장(공촌사거리),2024-05-07,9635,5045,4590
서구청,2024-05-07,17066,8513,8553
가정(루원시티),2024-05-07,24030,12336,11694
가정중앙시장,2024-05-07,12462,6091,6371
석남(거북시장),2024-05-07,6238,3020,3218
서부여성회관,2024-05-07,8050,4089,3961
인천가좌,2024-05-07,8996,4544,4452
가재울,2024-05-07,8296,4218,4078
주안국가산단,2024-05-07,6098,3005,3093
주안,2024-05-07,16060,6801,9259
시민공원(문화창작지대),2024-05-07,20969,10789,10180
석바위시장,2024-05-07,9043,4408,4635
인천시청,2024-05-07,6754,3291,3463
석천사거리,2024-05-07,10009,5221,4788
모래내시장,2024-05-07,15115,7425,7690
만수,2024-05-07,10253,5314,4939
남동구청,2024-05-07,9578,4979,4599
인천대공원,2024-05-07,3554,1774,1780
운연(서창),2024-05-07,2477,1311,1166
검단오류(검단산업단지),2024-05-08,6246,3098,3148
왕길,2024-05-08,5661,2857,2804
검단사거리,2024-05-08,18235,9547,8688
마전,2024-05-08,9212,4493,4719
완정,2024-05-08,17252,8868,8384
독정,2024-05-08,9709,4834,4875
검암,2024-05-08,9415,5165,4250
검바위,2024-05-08,7682,3723,3959
아시아드경기장(공촌사거리),2024-05-08,10502,5557,4945
서구청,2024-05-08,18304,9053,9251
가정(루원시티),2024-05-08,25134,12901,12233
가정중앙시장,2024-05-08,13500,6498,7002
석남(거북시장),2024-05-08,6848,3312,3536
서부여성회관,2024-05-08,9049,4601,4448
인천가좌,2024-05-08,9499,4824,4675
가재울,2024-05-08,9014,4612,4402
주안국가산단,2024-05-08,6141,3025,3116
주안,2024-05-08,17129,7284,9845
시민공원(문화창작지대),2024-05-08,22241,11451,10790
석바위시장,2024-05-08,9686,4707,4979
인천시청,2024-05-08,7419,3568,3851
석천사거리,2024-05-08,10725,5602,5123
모래내시장,2024-05-08,17347,8416,8931
만수,2024-05-08,11011,5787,5224
남동구청,2024-05-08,10329,5395,4934
인천대공원,2024-05-08,7763,3918,3845
운연(서창),2024-05-08,2807,1495,1312
검단오류(검단산업단지),2024-05-09,6067,3000,3067
왕길,2024-05-09,5709,2851,2858
검단사거리,2024-05-09,18022,9397,8625
마전,2024-05-09,10281,5048,5233
완정,2024-05-09,17026,8840,8186
독정,2024-05-09,9863,4904,4959
검암,2024-05-09,9497,5160,4337
검바위,2024-05-09,7734,3763,3971
아시아드경기장(공촌사거리),2024-05-09,10034,5313,4721
서구청,2024-05-09,18477,9155,9322
가정(루원시티),2024-05-09,25337,12878,12459
가정중앙시장,2024-05-09,13504,6592,6912
석남(거북시장),2024-05-09,6613,3218,3395
서부여성회관,2024-05-09,8657,4408,4249
인천가좌,2024-05-09,9455,4721,4734
가재울,2024-05-09,8807,4504,4303
주안국가산단,2024-05-09,6112,2975,3137
주안,2024-05-09,17621,7586,10035
시민공원(문화창작지대),2024-05-09,21746,11213,10533
석바위시장,2024-05-09,9568,4673,4895
인천시청,2024-05-09,7546,3657,3889
석천사거리,2024-05-09,11242,5906,5336
모래내시장,2024-05-09,17360,8410,8950
만수,2024-05-09,10974,5695,5279
남동구청,2024-05-09,10025,5237,4788
인천대공원,2024-05-09,7313,3606,3707
운연(서창),2024-05-09,3209,1712,1497
검단오류(검단산업단지),2024-05-10,6077,3001,3076
왕길,2024-05-10,5943,3021,2922
검단사거리,2024-05-10,19146,9916,9230
마전,2024-05-10,9716,4780,4936
완정,2024-05-10,17732,9232,8500
독정,2024-05-10,9997,4968,5029
검암,2024-05-10,9805,5400,4405
검바위,2024-05-10,7846,3818,4028
아시아드경기장(공촌사거리),2024-05-10,10406,5498,4908
서구청,2024-05-10,19024,9460,9564
가정(루원시티),2024-05-10,25771,13255,12516
가정중앙시장,2024-05-10,14277,6929,7348
석남(거북시장),2024-05-10,6885,3347,3538
서부여성회관,2024-05-10,9277,4737,4540
인천가좌,2024-05-10,9479,4774,4705
가재울,2024-05-10,9402,4818,4584
주안국가산단,2024-05-10,6087,2978,3109
주안,2024-05-10,17671,7511,10160
시민공원(문화창작지대),2024-05-10,22191,11426,10765
석바위시장,2024-05-10,9583,4640,4943
인천시청,2024-05-10,7769,3708,4061
석천사거리,2024-05-10,11742,6125,5617
모래내시장,2024-05-10,18178,8823,9355
만수,2024-05-10,11525,5961,5564
남동구청,2024-05-10,10320,5360,4960
인천대공원,2024-05-10,8522,4306,4216
운연(서창),2024-05-10,2948,1588,1360
검단오류(검단산업단지),2024-05-11,2115,1120,995
왕길,2024-05-11,3011,1532,1479
검단사거리,2024-05-11,13138,6858,6280
마전,2024-05-11,5979,2921,3058
완정,2024-05-11,10672,5567,5105
독정,2024-05-11,5803,2921,2882
검암,2024-05-11,5791,3108,2683
검바위,2024-05-11,3882,1874,2008
아시아드경기장(공촌사거리),2024-05-11,6632,3351,3281
서구청,2024-05-11,10591,5287,5304
가정(루원시티),2024-05-11,14070,7227,6843
가정중앙시장,2024-05-11,9296,4543,4753
석남(거북시장),2024-05-11,4421,2129,2292
서부여성회관,2024-05-11,5756,2933,2823
인천가좌,2024-05-11,4559,2321,2238
가재울,2024-05-11,4425,2308,2117
주안국가산단,2024-05-11,1534,735,799
주안,2024-05-11,12907,5254,7653
시민공원(문화창작지대),2024-05-11,14153,7289,6864
석바위시장,2024-05-11,6415,3107,3308
인천시청,2024-05-11,4709,2245,2464
석천사거리,2024-05-11,6436,3292,3144
모래내시장,2024-05-11,12169,5976,6193
만수,2024-05-11,7335,3799,3536
남동구청,2024-05-11,5644,2949,2695
인천대공원,2024-05-11,5427,2682,2745
운연(서창),2024-05-11,1809,962,847
검단오류(검단산업단지),2024-05-12,1713,859,854
왕길,2024-05-12,2285,1159,1126
검단사거리,2024-05-12,11066,5564,5502
마전,2024-05-12,4597,2210,2387
완정,2024-05-12,8267,4240,4027
독정,2024-05-12,4640,2262,2378
검암,2024-05-12,5041,2693,2348
검바위,2024-05-12,3301,1544,1757
아시아드경기장(공촌사거리),2024-05-12,5695,2981,2714
서구청,2024-05-12,8784,4429,4355
가정(루원시티),2024-05-12,11731,6007,5724
가정중앙시장,2024-05-12,8426,4054,4372
석남(거북시장),2024-05-12,3774,1746,2028
서부여성회관,2024-05-12,5572,2838,2734
인천가좌,2024-05-12,3938,2014,1924
가재울,2024-05-12,4046,2065,1981
주안국가산단,2024-05-12,783,381,402
주안,2024-05-12,10828,4351,6477
시민공원(문화창작지대),2024-05-12,11982,6110,5872
석바위시장,2024-05-12,5783,2810,2973
인천시청,2024-05-12,4228,1989,2239
석천사거리,2024-05-12,5577,2967,2610
모래내시장,2024-05-12,12455,6111,6344
만수,2024-05-12,6437,3360,3077
남동구청,2024-05-12,4983,2596,2387
인천대공원,2024-05-12,9328,4678,4650
운연(서창),2024-05-12,1701,908,793
검단오류(검단산업단지),2024-05-13,6021,2928,3093
왕길,2024-05-13,5547,2798,2749
검단사거리,2024-05-13,17661,9311,8350
마전,2024-05-13,9138,4420,4718
완정,2024-05-13,16810,8784,8026
독정,2024-05-13,9710,4807,4903
검암,2024-05-13,9377,5160,4217
검바위,2024-05-13,7550,3683,3867
아시아드경기장(공촌사거리),2024-05-13,9914,5240,4674
서구청,2024-05-13,18283,9141,9142
가정(루원시티),2024-05-13,24575,12534,12041
가정중앙시장,2024-05-13,12873,6231,6642
석남(거북시장),2024-05-13,6523,3200,3323
서부여성회관,2024-05-13,8473,4364,4109
인천가좌,2024-05-13,9377,4732,4645
가재울,2024-05-13,8713,4454,4259
주안국가산단,2024-05-13,6026,2921,3105
주안,2024-05-13,16549,7062,9487
시민공원(문화창작지대),2024-05-13,21782,11290,10492
석바위시장,2024-05-13,9560,4635,4925
인천시청,2024-05-13,7006,3435,3571
석천사거리,2024-05-13,10369,5422,4947
모래내시장,2024-05-13,17252,8397,8855
만수,2024-05-13,10582,5553,5029
남동구청,2024-05-13,9992,5160,4832
인천대공원,2024-05-13,6641,3354,3287
운연(서창),2024-05-13,2751,1493,1258
검단오류(검단산업단지),2024-05-14,6086,2995,3091
왕길,2024-05-14,5882,2986,2896
검단사거리,2024-05-14,20445,10718,9727
마전,2024-05-14,9504,4700,4804
완정,2024-05-14,18554,9690,8864
독정,2024-05-14,10048,5040,5008
검암,2024-05-14,9950,5519,4431
검바위,2024-05-14,7717,3755,3962
아시아드경기장(공촌사거리),2024-05-14,10691,5641,5050
서구청,2024-05-14,19486,9626,9860
가정(루원시티),2024-05-14,25942,13367,12575
가정중앙시장,2024-05-14,14044,6862,7182
석남(거북시장),2024-05-14,6806,3291,3515
서부여성회관,2024-05-14,9002,4637,4365
인천가좌,2024-05-14,9520,4781,4739
가재울,2024-05-14,9031,4648,4383
주안국가산단,2024-05-14,6165,3015,3150
주안,2024-05-14,18056,7716,10340
시민공원(문화창작지대),2024-05-14,22503,11570,10933
석바위시장,2024-05-14,9614,4663,4951
인천시청,2024-05-14,7608,3680,3928
석천사거리,2024-05-14,10700,5628,5072
모래내시장,2024-05-14,18118,8850,9268
만수,2024-05-14,11342,5937,5405
남동구청,2024-05-14,10793,5650,5143
인천대공원,2024-05-14,8253,4093,4160
운연(서창),2024-05-14,2901,1590,1311
검단오류(검단산업단지),2024-05-15,1933,975,958
왕길,2024-05-15,2413,1190,1223
검단사거리,2024-05-15,10321,5283,5038
마전,2024-05-15,4659,2253,2406
완정,2024-05-15,8120,4222,3898
독정,2024-05-15,5203,2607,2596
검암,2024-05-15,4747,2479,2268
검바위,2024-05-15,3162,1502,1660
아시아드경기장(공촌사거리),2024-05-15,5336,2847,2489
서구청,2024-05-15,9009,4502,4507
가정(루원시티),2024-05-15,11101,5706,5395
가정중앙시장,2024-05-15,7705,3750,3955
석남(거북시장),2024-05-15,3770,1818,1952
서부여성회관,2024-05-15,4714,2389,2325
인천가좌,2024-05-15,3882,1935,1947
가재울,2024-05-15,3871,1906,1965
주안국가산단,2024-05-15,1677,801,876
주안,2024-05-15,11490,4674,6816
시민공원(문화창작지대),2024-05-15,12003,6156,5847
석바위시장,2024-05-15,5873,2875,2998
인천시청,2024-05-15,3577,1683,1894
석천사거리,2024-05-15,5617,2879,2738
모래내시장,2024-05-15,10311,5089,5222
만수,2024-05-15,6283,3244,3039
남동구청,2024-05-15,4572,2363,2209
인천대공원,2024-05-15,5120,2556,2564
운연(서창),2024-05-15,1548,778,770
검단오류(검단산업단지),2024-05-16,6217,3053,3164
왕길,2024-05-16,5680,2845,2835
검단사거리,2024-05-16,17847,9366,8481
마전,2024-05-16,9165,4435,4730
완정,2024-05-16,17080,8828,8252
독정,2024-05-16,9872,4925,4947
검암,2024-05-16,9498,5204,4294
검바위,2024-05-16,7824,3839,3985
아시아드경기장(공촌사거리),2024-05-16,9865,5223,4642
서구청,2024-05-16,18513,9188,9325
가정(루원시티),2024-05-16,24988,12726,12262
가정중앙시장,2024-05-16,13593,6650,6943
석남(거북시장),2024-05-16,6679,3228,3451
서부여성회관,2024-05-16,8860,4501,4359
인천가좌,2024-05-16,9237,4650,4587
가재울,2024-05-16,8718,4431,4287
주안국가산단,2024-05-16,6058,2932,3126
주안,2024-05-16,16680,7161,9519
시민공원(문화창작지대),2024-05-16,22031,11362,10669
석바위시장,2024-05-16,9332,4527,4805
인천시청,2024-05-16,7509,3626,3883
석천사거리,2024-05-16,10508,5514,4994
모래내시장,2024-05-16,17392,8517,8875
만수,2024-05-16,11118,5724,5394
남동구청,2024-05-16,10176,5303,4873
인천대공원,2024-05-16,6749,3353,3396
운연(서창),2024-05-16,2911,1528,1383
검단오류(검단산업단지),2024-05-17,6131,3010,3121
왕길,2024-05-17,5678,2874,2804
검단사거리,2024-05-17,19367,10082,9285
마전,2024-05-17,9369,4567,4802
완정,2024-05-17,17345,9030,8315
독정,2024-05-17,10224,5105,5119
검암,2024-05-17,9865,5446,4419
검바위,2024-05-17,7948,3913,4035
아시아드경기장(공촌사거리),2024-05-17,10325,5477,4848
서구청,2024-05-17,18754,9231,9523
가정(루원시티),2024-05-17,26259,13456,12803
가정중앙시장,2024-05-17,14207,6911,7296
석남(거북시장),2024-05-17,6919,3380,3539
서부여성회관,2024-05-17,9090,4623,4467
인천가좌,2024-05-17,9507,4753,4754
가재울,2024-05-17,9421,4860,4561
주안국가산단,2024-05-17,5930,2915,3015
주안,2024-05-17,17447,7396,10051
시민공원(문화창작지대),2024-05-17,22128,11404,10724
석바위시장,2024-05-17,9654,4664,4990
인천시청,2024-05-17,7453,3615,3838
석천사거리,2024-05-17,10583,5521,5062
모래내시장,2024-05-17,17942,8712,9230
만수,2024-05-17,11260,5842,5418
남동구청,2024-05-17,10335,5449,4886
인천대공원,2024-05-17,8249,4161,4088
운연(서창),2024-05-17,2923,1607,1316
검단오류(검단산업단지),2024-05-18,2315,1260,1055
왕길,2024-05-18,3307,1720,1587
검단사거리,2024-05-18,14254,7328,6926
마전,2024-05-18,6249,3076,3173
완정,2024-05-18,11496,6030,5466
독정,2024-05-18,6634,3348,3286
검암,2024-05-18,6945,3824,3121
검바위,2024-05-18,4287,2072,2215
아시아드경기장(공촌사거리),2024-05-18,7426,3777,3649
서구청,2024-05-18,12300,6154,6146
가정(루원시티),2024-05-18,16172,8363,7809
가정중앙시장,2024-05-18,11077,5498,5579
석남(거북시장),2024-05-18,5047,2358,2689
서부여성회관,2024-05-18,6827,3550,3277
인천가좌,2024-05-18,5397,2737,2660
가재울,2024-05-18,5153,2675,2478
주안국가산단,2024-05-18,1557,775,782
주안,2024-05-18,14529,5985,8544
시민공원(문화창작지대),2024-05-18,15667,8074,7593
석바위시장,2024-05-18,7078,3415,3663
인천시청,2024-05-18,5420,2581,2839
석천사거리,2024-05-18,7527,3999,3528
모래내시장,2024-05-18,14767,7291,7476
만수,2024-05-18,8343,4369,3974
남동구청,2024-05-18,6487,3384,3103
인천대공원,2024-05-18,11327,5643,5684
운연(서창),2024-05-18,2077,1080,997
검단오류(검단산업단지),2024-05-19,1583,778,805
왕길,2024-05-19,2284,1166,1118
검단사거리,2024-05-19,11005,5572,5433
마전,2024-05-19,4738,2303,2435
완정,2024-05-19,8540,4340,4200
독정,2024-05-19,5103,2465,2638
검암,2024-05-19,5231,2842,2389
검바위,2024-05-19,3301,1556,1745
아시아드경기장(공촌사거리),2024-05-19,5450,2854,2596
서구청,2024-05-19,8163,4069,4094
가정(루원시티),2024-05-19,11234,5746,5488
가정중앙시장,2024-05-19,8160,4013,4147
석남(거북시장),2024-05-19,3619,1713,1906
서부여성회관,2024-05-19,5392,2762,2630
인천가좌,2024-05-19,3831,1943,1888
가재울,2024-05-19,3792,1902,1890
주안국가산단,2024-05-19,830,389,441
주안,2024-05-19,10173,4136,6037
시민공원(문화창작지대),2024-05-19,12360,6397,5963
석바위시장,2024-05-19,5601,2727,2874
인천시청,2024-05-19,4331,2012,2319
석천사거리,2024-05-19,5521,2886,2635
모래내시장,2024-05-19,11409,5608,5801
만수,2024-05-19,6403,3307,3096
남동구청,2024-05-19,4916,2543,2373
인천대공원,2024-05-19,9939,4950,4989
운연(서창),2024-05-19,1646,864,782
검단오류(검단산업단지),2024-05-20,6008,2958,3050
왕길,2024-05-20,5303,2676,2627
검단사거리,2024-05-20,17289,9128,8161
마전,2024-05-20,8788,4258,4530
완정,2024-05-20,16384,8525,7859
독정,2024-05-20,9951,4922,5029
검암,2024-05-20,9204,5047,4157
검바위,2024-05-20,7512,3698,3814
아시아드경기장(공촌사거리),2024-05-20,9821,5168,4653
서구청,2024-05-20,18026,8984,9042
가정(루원시티),2024-05-20,24448,12480,11968
가정중앙시장,2024-05-20,13018,6387,6631
석남(거북시장),2024-05-20,6492,3143,3349
서부여성회관,2024-05-20,8400,4325,4075
인천가좌,2024-05-20,9081,4584,4497
가재울,2024-05-20,8610,4391,4219
주안국가산단,2024-05-20,6029,2977,3052
주안,2024-05-20,16561,7137,9424
시민공원(문화창작지대),2024-05-20,21407,11054,10353
석바위시장,2024-05-20,9085,4399,4686
인천시청,2024-05-20,7048,3407,3641
석천사거리,2024-05-20,10230,5356,4874
모래내시장,2024-05-20,16911,8250,8661
만수,2024-05-20,10632,5522,5110
남동구청,2024-05-20,10000,5198,4802
인천대공원,2024-05-20,6387,3196,3191
운연(서창),2024-05-20,2679,1416,1263
검단오류(검단산업단지),2024-05-21,6162,3031,3131
왕길,2024-05-21,5448,2744,2704
검단사거리,2024-05-21,17276,9040,8236
마전,2024-05-21,9167,4451,4716
완정,2024-05-21,16579,8585,7994
독정,2024-05-21,10104,4924,5180
검암,2024-05-21,9443,5109,4334
검바위,2024-05-21,7476,3625,3851
아시아드경기장(공촌사거리),2024-05-21,9961,5321,4640
서구청,2024-05-21,17905,8902,9003
가정(루원시티),2024-05-21,24955,12785,12170
가정중앙시장,2024-05-21,13320,6473,6847
석남(거북시장),2024-05-21,6765,3323,3442
서부여성회관,2024-05-21,8380,4238,4142
인천가좌,2024-05-21,9075,4569,4506
가재울,2024-05-21,8534,4368,4166
주안국가산단,2024-05-21,6157,3017,3140
주안,2024-05-21,16924,7209,9715
시민공원(문화창작지대),2024-05-21,21607,11099,10508
석바위시장,2024-05-21,9243,4447,4796
인천시청,2024-05-21,7404,3575,3829
석천사거리,2024-05-21,10413,5458,4955
모래내시장,2024-05-21,16848,8196,8652
만수,2024-05-21,10757,5594,5163
남동구청,2024-05-21,9949,5194,4755
인천대공원,2024-05-21,7409,3694,3715
운연(서창),2024-05-21,2668,1421,1247
검단오류(검단산업단지),2024-05-22,6110,3025,3085
왕길,2024-05-22,5629,2846,2783
검단사거리,2024-05-22,17463,9121,8342
마전,2024-05-22,9102,4507,4595
완정,2024-05-22,16887,8683,8204
독정,2024-05-22,10073,5031,5042
검암,2024-05-22,9491,5174,4317
검바위,2024-05-22,7975,3877,4098
아시아드경기장(공촌사거리),2024-05-22,10424,5496,4928
서구청,2024-05-22,18319,8973,9346
가정(루원시티),2024-05-22,25320,12984,12336
가정중앙시장,2024-05-22,13280,6496,6784
석남(거북시장),2024-05-22,6715,3274,3441
서부여성회관,2024-05-22,8825,4496,4329
인천가좌,2024-05-22,9203,4651,4552
가재울,2024-05-22,8683,4400,4283
주안국가산단,2024-05-22,6212,3016,3196
주안,2024-05-22,17192,7389,9803
시민공원(문화창작지대),2024-05-22,21764,11081,10683
석바위시장,2024-05-22,9478,4578,4900
인천시청,2024-05-22,7574,3659,3915
석천사거리,2024-05-22,10448,5460,4988
모래내시장,2024-05-22,17062,8332,8730
만수,2024-05-22,11075,5765,5310
남동구청,2024-05-22,10216,5335,4881
인천대공원,2024-05-22,6875,3398,3477
운연(서창),2024-05-22,2714,1480,1234
검단오류(검단산업단지),2024-05-23,6118,3012,3106
왕길,2024-05-23,5639,2825,2814
검단사거리,2024-05-23,17624,9257,8367
마전,2024-05-23,9441,4577,4864
완정,2024-05-23,16729,8616,8113
독정,2024-05-23,9983,5037,4946
검암,2024-05-23,9408,5175,4233
검바위,2024-05-23,7695,3731,3964
아시아드경기장(공촌사거리),2024-05-23,9900,5234,4666
서구청,2024-05-23,18709,9231,9478
가정(루원시티),2024-05-23,25163,12819,12344
가정중앙시장,2024-05-23,13369,6513,6856
석남(거북시장),2024-05-23,6789,3246,3543
서부여성회관,2024-05-23,8729,4425,4304
인천가좌,2024-05-23,9261,4624,4637
가재울,2024-05-23,8463,4298,4165
주안국가산단,2024-05-23,6095,2965,3130
주안,2024-05-23,16864,7218,9646
시민공원(문화창작지대),2024-05-23,21884,11217,10667
석바위시장,2024-05-23,9159,4431,4728
인천시청,2024-05-23,7312,3532,3780
석천사거리,2024-05-23,10511,5526,4985
모래내시장,2024-05-23,17382,8492,8890
만수,2024-05-23,10887,5594,5293
남동구청,2024-05-23,10077,5277,4800
인천대공원,2024-05-23,6999,3507,3492
운연(서창),2024-05-23,2769,1495,1274
검단오류(검단산업단지),2024-05-24,5968,2902,3066
왕길,2024-05-24,5702,2860,2842
검단사거리,2024-05-24,18896,9906,8990
마전,2024-05-24,9272,4477,4795
완정,2024-05-24,17581,9168,8413
독정,2024-05-24,9670,4839,4831
검암,2024-05-24,9660,5389,4271
검바위,2024-05-24,7909,3891,4018
아시아드경기장(공촌사거리),2024-05-24,10104,5398,4706
서구청,2024-05-24,19304,9452,9852
가정(루원시티),2024-05-24,25481,13001,12480
가정중앙시장,2024-05-24,13914,6748,7166
석남(거북시장),2024-05-24,6911,3352,3559
서부여성회관,2024-05-24,9060,4613,4447
인천가좌,2024-05-24,9442,4811,4631
가재울,2024-05-24,8901,4593,4308
주안국가산단,2024-05-24,5963,2889,3074
주안,2024-05-24,17398,7447,9951
시민공원(문화창작지대),2024-05-24,21568,11087,10481
석바위시장,2024-05-24,9321,4470,4851
인천시청,2024-05-24,7109,3430,3679
석천사거리,2024-05-24,10496,5501,4995
모래내시장,2024-05-24,17853,8681,9172
만수,2024-05-24,10999,5751,5248
남동구청,2024-05-24,10278,5336,4942
인천대공원,2024-05-24,6822,3443,3379
운연(서창),2024-05-24,3329,1824,1505
검단오류(검단산업단지),2024-05-25,2398,1284,1114
왕길,2024-05-25,3447,1770,1677
검단사거리,2024-05-25,14391,7500,6891
마전,2024-05-25,6326,3163,3163
완정,2024-05-25,11519,6095,5424
독정,2024-05-25,6471,3257,3214
검암,2024-05-25,6685,3636,3049
검바위,2024-05-25,4323,2151,2172
아시아드경기장(공촌사거리),2024-05-25,7317,3737,3580
서구청,2024-05-25,12171,6012,6159
가정(루원시티),2024-05-25,16409,8451,7958
가정중앙시장,2024-05-25,10807,5359,5448
석남(거북시장),2024-05-25,5238,2518,2720
서부여성회관,2024-05-25,6747,3530,3217
인천가좌,2024-05-25,5414,2816,2598
가재울,2024-05-25,5116,2638,2478
주안국가산단,2024-05-25,1727,858,869
주안,2024-05-25,14319,5867,8452
시민공원(문화창작지대),2024-05-25,15196,7851,7345
석바위시장,2024-05-25,6794,3301,3493
인천시청,2024-05-25,5230,2477,2753
석천사거리,2024-05-25,7460,3968,3492
모래내시장,2024-05-25,14816,7306,7510
만수,2024-05-25,8354,4288,4066
남동구청,2024-05-25,6546,3424,3122
인천대공원,2024-05-25,9511,4699,4812
운연(서창),2024-05-25,2113,1086,1027
검단오류(검단산업단지),2024-05-26,1468,715,753
왕길,2024-05-26,1952,1000,952
검단사거리,2024-05-26,9667,4896,4771
마전,2024-05-26,4146,1992,2154
완정,2024-05-26,7234,3678,3556
독정,2024-05-26,3816,1882,1934
검암,2024-05-26,4356,2336,2020
검바위,2024-05-26,2899,1368,1531
아시아드경기장(공촌사거리),2024-05-26,5192,2628,2564
서구청,2024-05-26,7908,3989,3919
가정(루원시티),2024-05-26,10416,5337,5079
가정중앙시장,2024-05-26,7187,3566,3621
석남(거북시장),2024-05-26,3331,1589,1742
서부여성회관,2024-05-26,4905,2524,2381
인천가좌,2024-05-26,3200,1570,1630
가재울,2024-05-26,3555,1823,1732
주안국가산단,2024-05-26,754,355,399
주안,2024-05-26,9420,3828,5592
시민공원(문화창작지대),2024-05-26,11022,5706,5316
석바위시장,2024-05-26,5084,2443,2641
인천시청,2024-05-26,3338,1577,1761
석천사거리,2024-05-26,4826,2496,2330
모래내시장,2024-05-26,10039,4923,5116
만수,2024-05-26,5687,2962,2725
남동구청,2024-05-26,4220,2190,2030
인천대공원,2024-05-26,6108,3000,3108
운연(서창),2024-05-26,1343,711,632
검단오류(검단산업단지),2024-05-27,5928,2871,3057
왕길,2024-05-27,5545,2796,2749
검단사거리,2024-05-27,17491,9256,8235
마전,2024-05-27,8865,4273,4592
완정,2024-05-27,16758,8666,8092
독정,2024-05-27,9882,4946,4936
검암,2024-05-27,9167,5039,4128
검바위,2024-05-27,7558,3696,3862
아시아드경기장(공촌사거리),2024-05-27,9794,5204,4590
서구청,2024-05-27,18144,9039,9105
가정(루원시티),2024-05-27,24243,12402,11841
가정중앙시장,2024-05-27,13112,6396,6716
석남(거북시장),2024-05-27,6665,3225,3440
서부여성회관,2024-05-27,8479,4353,4126
인천가좌,2024-05-27,9143,4620,4523
가재울,2024-05-27,8578,4407,4171
주안국가산단,2024-05-27,6138,3018,3120
주안,2024-05-27,16328,7013,9315
시민공원(문화창작지대),2024-05-27,21717,11161,10556
석바위시장,2024-05-27,9317,4533,4784
인천시청,2024-05-27,6980,3348,3632
석천사거리,2024-05-27,10159,5362,4797
모래내시장,2024-05-27,17107,8339,8768
만수,2024-05-27,10781,5519,5262
남동구청,2024-05-27,9870,5112,4758
인천대공원,2024-05-27,6914,3482,3432
운연(서창),2024-05-27,2780,1470,1310
검단오류(검단산업단지),2024-05-28,6041,2957,3084
왕길,2024-05-28,5756,2886,2870
검단사거리,2024-05-28,17541,9186,8355
마전,2024-05-28,9887,4892,4995
완정,2024-05-28,16961,8703,8258
독정,2024-05-28,9969,4934,5035
검암,2024-05-28,9510,5169,4341
검바위,2024-05-28,7656,3711,3945
아시아드경기장(공촌사거리),2024-05-28,9951,5242,4709
서구청,2024-05-28,18371,9112,9259
가정(루원시티),2024-05-28,24713,12604,12109
가정중앙시장,2024-05-28,13421,6587,6834
석남(거북시장),2024-05-28,6878,3339,3539
서부여성회관,2024-05-28,8450,4341,4109
인천가좌,2024-05-28,9197,4630,4567
가재울,2024-05-28,8739,4519,4220
주안국가산단,2024-05-28,6231,3061,3170
주안,2024-05-28,16959,7290,9669
시민공원(문화창작지대),2024-05-28,22439,11614,10825
석바위시장,2024-05-28,9357,4476,4881
인천시청,2024-05-28,7567,3674,3893
석천사거리,2024-05-28,10735,5679,5056
모래내시장,2024-05-28,17561,8526,9035
만수,2024-05-28,11124,5791,5333
남동구청,2024-05-28,10013,5188,4825
인천대공원,2024-05-28,7578,3778,3800
운연(서창),2024-05-28,2804,1494,1310
검단오류(검단산업단지),2024-05-29,6134,3033,3101
왕길,2024-05-29,5582,2788,2794
검단사거리,2024-05-29,17570,9231,8339
마전,2024-05-29,9157,4443,4714
완정,2024-05-29,16771,8675,8096
독정,2024-05-29,10032,5022,5010
검암,2024-05-29,9609,5238,4371
검바위,2024-05-29,7874,3834,4040
아시아드경기장(공촌사거리),2024-05-29,10249,5416,4833
서구청,2024-05-29,18047,8943,9104
가정(루원시티),2024-05-29,25234,12931,12303
가정중앙시장,2024-05-29,13381,6476,6905
석남(거북시장),2024-05-29,6666,3228,3438
서부여성회관,2024-05-29,8702,4431,4271
인천가좌,2024-05-29,9206,4645,4561
가재울,2024-05-29,8934,4604,4330
주안국가산단,2024-05-29,6106,2976,3130
주안,2024-05-29,17033,7349,9684
시민공원(문화창작지대),2024-05-29,22541,11610,10931
석바위시장,2024-05-29,9422,4562,4860
인천시청,2024-05-29,7306,3504,3802
석천사거리,2024-05-29,10583,5548,5035
모래내시장,2024-05-29,17315,8452,8863
만수,2024-05-29,11007,5719,5288
남동구청,2024-05-29,9923,5138,4785
인천대공원,2024-05-29,7037,3535,3502
운연(서창),2024-05-29,2862,1529,1333
검단오류(검단산업단지),2024-05-30,5920,2883,3037
왕길,2024-05-30,5442,2735,2707
검단사거리,2024-05-30,17149,8955,8194
마전,2024-05-30,9174,4437,4737
완정,2024-05-30,16500,8551,7949
독정,2024-05-30,9991,4974,5017
검암,2024-05-30,9455,5197,4258
검바위,2024-05-30,7612,3689,3923
아시아드경기장(공촌사거리),2024-05-30,9989,5269,4720
서구청,2024-05-30,17562,8707,8855
가정(루원시티),2024-05-30,24864,12785,12079
가정중앙시장,2024-05-30,13065,6356,6709
석남(거북시장),2024-05-30,6507,3148,3359
서부여성회관,2024-05-30,8694,4446,4248
인천가좌,2024-05-30,9177,4613,4564
가재울,2024-05-30,8737,4460,4277
주안국가산단,2024-05-30,6139,3022,3117
주안,2024-05-30,16886,7327,9559
시민공원(문화창작지대),2024-05-30,21867,11194,10673
석바위시장,2024-05-30,9189,4430,4759
인천시청,2024-05-30,7260,3473,3787
석천사거리,2024-05-30,10457,5484,4973
모래내시장,2024-05-30,17090,8405,8685
만수,2024-05-30,10813,5590,5223
남동구청,2024-05-30,9908,5113,4795
인천대공원,2024-05-30,7507,3816,3691
운연(서창),2024-05-30,2764,1487,1277
검단오류(검단산업단지),2024-05-31,5816,2834,2982
왕길,2024-05-31,5654,2801,2853
검단사거리,2024-05-31,18232,9562,8670
마전,2024-05-31,9006,4440,4566
완정,2024-05-31,16906,8789,8117
독정,2024-05-31,9671,4773,4898
검암,2024-05-31,9677,5449,4228
검바위,2024-05-31,7693,3747,3946
아시아드경기장(공촌사거리),2024-05-31,10006,5267,4739
서구청,2024-05-31,18229,8951,9278
가정(루원시티),2024-05-31,25414,12984,12430
가정중앙시장,2024-05-31,13714,6677,7037
석남(거북시장),2024-05-31,6810,3287,3523
서부여성회관,2024-05-31,9038,4594,4444
인천가좌,2024-05-31,9093,4555,4538
가재울,2024-05-31,8854,4578,4276
주안국가산단,2024-05-31,6057,2909,3148
주안,2024-05-31,17490,7406,10084
시민공원(문화창작지대),2024-05-31,22061,11387,10674
석바위시장,2024-05-31,9277,4501,4776
인천시청,2024-05-31,7179,3415,3764
석천사거리,2024-05-31,10606,5534,5072
모래내시장,2024-05-31,17774,8672,9102
만수,2024-05-31,11133,5841,5292
남동구청,2024-05-31,10257,5321,4936
인천대공원,2024-05-31,7460,3758,3702
운연(서창),2024-05-31,2771,1502,1269
검단오류(검단산업단지),2024-06-01,2270,1214,1056
왕길,2024-06-01,3291,1700,1591
검단사거리,2024-06-01,13760,7151,6609
마전,2024-06-01,6109,3064,3045
완정,2024-06-01,11491,6047,5444
독정,2024-06-01,6440,3213,3227
검암,2024-06-01,6431,3560,2871
검바위,2024-06-01,4188,2085,2103
아시아드경기장(공촌사거리),2024-06-01,7049,3653,3396
서구청,2024-06-01,11930,5875,6055
가정(루원시티),2024-06-01,15537,8021,7516
가정중앙시장,2024-06-01,10565,5163,5402
석남(거북시장),2024-06-01,4919,2358,2561
서부여성회관,2024-06-01,6329,3229,3100
인천가좌,2024-06-01,5125,2629,2496
가재울,2024-06-01,4959,2582,2377
주안국가산단,2024-06-01,1570,784,786
주안,2024-06-01,13748,5693,8055
시민공원(문화창작지대),2024-06-01,15140,7720,7420
석바위시장,2024-06-01,6744,3270,3474
인천시청,2024-06-01,5034,2402,2632
석천사거리,2024-06-01,6882,3686,3196
모래내시장,2024-06-01,14479,7139,7340
만수,2024-06-01,8113,4196,3917
남동구청,2024-06-01,6217,3191,3026
인천대공원,2024-06-01,9506,4728,4778
운연(서창),2024-06-01,2009,1044,965
검단오류(검단산업단지),2024-06-02,1605,758,847
왕길,2024-06-02,2249,1160,1089
검단사거리,2024-06-02,10555,5260,5295
마전,2024-06-02,4312,2106,2206
완정,2024-06-02,7651,3897,3754
독정,2024-06-02,4741,2340,2401
검암,2024-06-02,4832,2613,2219
검바위,2024-06-02,3201,1538,1663
아시아드경기장(공촌사거리),2024-06-02,5745,2983,2762
서구청,2024-06-02,8042,3980,4062
가정(루원시티),2024-06-02,10629,5413,5216
가정중앙시장,2024-06-02,7761,3784,3977
석남(거북시장),2024-06-02,3603,1736,1867
서부여성회관,2024-06-02,5452,2777,2675
인천가좌,2024-06-02,3639,1808,1831
가재울,2024-06-02,3858,1915,1943
주안국가산단,2024-06-02,844,399,445
주안,2024-06-02,9900,4053,5847
시민공원(문화창작지대),2024-06-02,11905,6080,5825
석바위시장,2024-06-02,5328,2599,2729
인천시청,2024-06-02,4114,1931,2183
석천사거리,2024-06-02,5208,2782,2426
모래내시장,2024-06-02,11122,5435,5687
만수,2024-06-02,6144,3150,2994
남동구청,2024-06-02,4677,2445,2232
인천대공원,2024-06-02,9240,4602,4638
운연(서창),2024-06-02,1591,853,738
검단오류(검단산업단지),2024-06-03,5883,2883,3000
왕길,2024-06-03,5580,2846,2734
검단사거리,2024-06-03,17148,8946,8202
마전,2024-06-03,8886,4300,4586
완정,2024-06-03,16465,8490,7975
독정,2024-06-03,9901,4981,4920
검암,2024-06-03,9427,5130,4297
검바위,2024-06-03,7504,3609,3895
아시아드경기장(공촌사거리),2024-06-03,10049,5298,4751
서구청,2024-06-03,17648,8827,8821
가정(루원시티),2024-06-03,24130,12336,11794
가정중앙시장,2024-06-03,12995,6366,6629
석남(거북시장),2024-06-03,6415,3166,3249
서부여성회관,2024-06-03,8360,4303,4057
인천가좌,2024-06-03,9091,4560,4531
가재울,2024-06-03,8579,4398,4181
주안국가산단,2024-06-03,6071,2973,3098
주안,2024-06-03,16225,7016,9209
시민공원(문화창작지대),2024-06-03,21783,11291,10492
석바위시장,2024-06-03,9097,4367,4730
인천시청,2024-06-03,6978,3367,3611
석천사거리,2024-06-03,10216,5328,4888
모래내시장,2024-06-03,16697,8103,8594
만수,2024-06-03,10528,5437,5091
남동구청,2024-06-03,9882,5126,4756
인천대공원,2024-06-03,6306,3164,3142
운연(서창),2024-06-03,2758,1443,1315
검단오류(검단산업단지),2024-06-04,5952,2928,3024
왕길,2024-06-04,5742,2887,2855
검단사거리,2024-06-04,17168,9001,8167
마전,2024-06-04,9125,4387,4738
완정,2024-06-04,16583,8600,7983
독정,2024-06-04,9714,4845,4869
검암,2024-06-04,9606,5244,4362
검바위,2024-06-04,7710,3754,3956
아시아드경기장(공촌사거리),2024-06-04,10196,5399,4797
서구청,2024-06-04,17905,8844,9061
가정(루원시티),2024-06-04,24851,12640,12211
가정중앙시장,2024-06-04,13388,6562,6826
석남(거북시장),2024-06-04,6585,3211,3374
서부여성회관,2024-06-04,8615,4372,4243
인천가좌,2024-06-04,9280,4700,4580
가재울,2024-06-04,8786,4505,4281
주안국가산단,2024-06-04,6157,3019,3138
주안,2024-06-04,16604,7129,9475
시민공원(문화창작지대),2024-06-04,22252,11453,10799
석바위시장,2024-06-04,9304,4492,4812
인천시청,2024-06-04,7240,3460,3780
석천사거리,2024-06-04,10699,5569,5130
모래내시장,2024-06-04,16951,8281,8670
만수,2024-06-04,10851,5635,5216
남동구청,2024-06-04,9803,5104,4699
인천대공원,2024-06-04,6890,3459,3431
운연(서창),2024-06-04,2820,1519,1301
검단오류(검단산업단지),2024-06-05,6101,2987,3114
왕길,2024-06-05,5666,2848,2818
검단사거리,2024-06-05,17788,9285,8503
마전,2024-06-05,9280,4516,4764
완정,2024-06-05,17009,8865,8144
독정,2024-06-05,9946,4993,4953
검암,2024-06-05,9834,5402,4432
검바위,2024-06-05,7823,3806,4017
아시아드경기장(공촌사거리),2024-06-05,10030,5365,4665
서구청,2024-06-05,17954,8812,9142
가정(루원시티),2024-06-05,25643,13148,12495
가정중앙시장,2024-06-05,13701,6725,6976
석남(거북시장),2024-06-05,6722,3297,3425
서부여성회관,2024-06-05,8687,4499,4188
인천가좌,2024-06-05,9473,4841,4632
가재울,2024-06-05,9148,4656,4492
주안국가산단,2024-06-05,6081,2987,3094
주안,2024-06-05,17665,7508,10157
시민공원(문화창작지대),2024-06-05,22377,11542,10835
석바위시장,2024-06-05,9630,4629,5001
인천시청,2024-06-05,7748,3714,4034
석천사거리,2024-06-05,10727,5652,5075
모래내시장,2024-06-05,17034,8343,8691
만수,2024-06-05,11123,5756,5367
남동구청,2024-06-05,10032,5242,4790
인천대공원,2024-06-05,7350,3727,3623
운연(서창),2024-06-05,2868,1535,1333
검단오류(검단산업단지),2024-06-06,2311,1185,1126
왕길,2024-06-06,2992,1516,1476
검단사거리,2024-06-06,10948,5615,5333
마전,2024-06-06,4898,2383,2515
완정,2024-06-06,8722,4505,4217
독정,2024-06-06,5178,2561,2617
검암,2024-06-06,5557,3105,2452
검바위,2024-06-06,3464,1656,1808
아시아드경기장(공촌사거리),2024-06-06,5865,3108,2757
서구청,2024-06-06,9042,4444,4598
가정(루원시티),2024-06-06,12167,6254,5913
가정중앙시장,2024-06-06,8750,4269,4481
석남(거북시장),2024-06-06,4147,2041,2106
서부여성회관,2024-06-06,5466,2817,2649
인천가좌,2024-06-06,4283,2136,2147
가재울,2024-06-06,4435,2256,2179
주안국가산단,2024-06-06,1679,799,880
주안,2024-06-06,11215,4661,6554
시민공원(문화창작지대),2024-06-06,12704,6583,6121
석바위시장,2024-06-06,5475,2615,2860
인천시청,2024-06-06,4122,1944,2178
석천사거리,2024-06-06,5967,3130,2837
모래내시장,2024-06-06,12291,5999,6292
만수,2024-06-06,6965,3599,3366
남동구청,2024-06-06,5007,2654,2353
인천대공원,2024-06-06,10009,5009,5000
운연(서창),2024-06-06,1700,892,808
검단오류(검단산업단지),2024-06-07,4800,2367,2433
왕길,2024-06-07,5038,2554,2484
검단사거리,2024-06-07,16992,8870,8122
마전,2024-06-07,7822,3796,4026
완정,2024-06-07,15531,8101,7430
독정,2024-06-07,8797,4435,4362
검암,2024-06-07,8657,4711,3946
검바위,2024-06-07,6216,2999,3217
아시아드경기장(공촌사거리),2024-06-07,9179,4795,4384
서구청,2024-06-07,16894,8322,8572
가정(루원시티),2024-06-07,22288,11475,10813
가정중앙시장,2024-06-07,12798,6214,6584
석남(거북시장),2024-06-07,6255,3028,3227
서부여성회관,2024-06-07,8529,4346,4183
인천가좌,2024-06-07,7981,4013,3968
가재울,2024-06-07,7925,4086,3839
주안국가산단,2024-06-07,5020,2447,2573
주안,2024-06-07,15688,6660,9028
시민공원(문화창작지대),2024-06-07,20574,10657,9917
석바위시장,2024-06-07,9045,4407,4638
인천시청,2024-06-07,6756,3252,3504
석천사거리,2024-06-07,9346,4884,4462
모래내시장,2024-06-07,16375,7989,8386
만수,2024-06-07,10108,5208,4900
남동구청,2024-06-07,8819,4570,4249
인천대공원,2024-06-07,6343,3208,3135
운연(서창),2024-06-07,2465,1342,1123
검단오류(검단산업단지),2024-06-08,1877,1025,852
왕길,2024-06-08,2935,1503,1432
검단사거리,2024-06-08,12243,6355,5888
마전,2024-06-08,5478,2717,2761
완정,2024-06-08,9836,5140,4696
독정,2024-06-08,5637,2841,2796
검암,2024-06-08,5793,3219,2574
검바위,2024-06-08,3797,1865,1932
아시아드경기장(공촌사거리),2024-06-08,6448,3398,3050
서구청,2024-06-08,10407,5156,5251
가정(루원시티),2024-06-08,13633,6976,6657
가정중앙시장,2024-06-08,9389,4656,4733
석남(거북시장),2024-06-08,4409,2164,2245
서부여성회관,2024-06-08,5799,2938,2861
인천가좌,2024-06-08,4574,2319,2255
가재울,2024-06-08,4284,2185,2099
주안국가산단,2024-06-08,1366,662,704
주안,2024-06-08,12372,5096,7276
시민공원(문화창작지대),2024-06-08,13612,7047,6565
석바위시장,2024-06-08,5950,2906,3044
인천시청,2024-06-08,4699,2216,2483
석천사거리,2024-06-08,5885,3108,2777
모래내시장,2024-06-08,12062,5821,6241
만수,2024-06-08,7160,3705,3455
남동구청,2024-06-08,5283,2715,2568
인천대공원,2024-06-08,5370,2690,2680
운연(서창),2024-06-08,1715,836,879
검단오류(검단산업단지),2024-06-09,1618,780,838
왕길,2024-06-09,2037,1031,1006
검단사거리,2024-06-09,9953,4985,4968
마전,2024-06-09,4030,1937,2093
완정,2024-06-09,7478,3742,3736
독정,2024-06-09,3923,1957,1966
검암,2024-06-09,4703,2512,2191
검바위,2024-06-09,3025,1422,1603
아시아드경기장(공촌사거리),2024-06-09,5135,2618,2517
서구청,2024-06-09,7875,3965,3910
가정(루원시티),2024-06-09,10306,5276,5030
가정중앙시장,2024-06-09,7460,3665,3795
석남(거북시장),2024-06-09,3429,1598,1831
서부여성회관,2024-06-09,5027,2579,2448
인천가좌,2024-06-09,3630,1814,1816
가재울,2024-06-09,3666,1866,1800
주안국가산단,2024-06-09,760,375,385
주안,2024-06-09,9468,3942,5526
시민공원(문화창작지대),2024-06-09,11296,5831,5465
석바위시장,2024-06-09,5375,2593,2782
인천시청,2024-06-09,4203,1976,2227
석천사거리,2024-06-09,5026,2674,2352
모래내시장,2024-06-09,10796,5270,5526
만수,2024-06-09,5979,3029,2950
남동구청,2024-06-09,4491,2314,2177
인천대공원,2024-06-09,8173,4146,4027
운연(서창),2024-06-09,1466,773,693
검단오류(검단산업단지),2024-06-10,5788,2835,2953
왕길,2024-06-10,5537,2796,2741
검단사거리,2024-06-10,17031,8900,8131
마전,2024-06-10,8923,4292,4631
완정,2024-06-10,16410,8465,7945
독정,2024-06-10,9392,4696,4696
검암,2024-06-10,9376,5141,4235
검바위,2024-06-10,7543,3668,3875
아시아드경기장(공촌사거리),2024-06-10,9800,5167,4633
서구청,2024-06-10,17657,8796,8861
가정(루원시티),2024-06-10,23851,12174,11677
가정중앙시장,2024-06-10,12797,6264,6533
석남(거북시장),2024-06-10,6271,3083,3188
서부여성회관,2024-06-10,8280,4327,3953
인천가좌,2024-06-10,9014,4583,4431
가재울,2024-06-10,8461,4278,4183
주안국가산단,2024-06-10,6008,2950,3058
주안,2024-06-10,16168,6920,9248
시민공원(문화창작지대),2024-06-10,21654,11139,10515
석바위시장,2024-06-10,9145,4447,4698
인천시청,2024-06-10,6739,3225,3514
석천사거리,2024-06-10,10053,5303,4750
모래내시장,2024-06-10,16250,7906,8344
만수,2024-06-10,10514,5387,5127
남동구청,2024-06-10,9721,5066,4655
인천대공원,2024-06-10,6164,3100,3064
운연(서창),2024-06-10,2606,1361,1245
검단오류(검단산업단지),2024-06-11,6010,2960,3050
왕길,2024-06-11,5603,2805,2798
검단사거리,2024-06-11,17069,8965,8104
마전,2024-06-11,9065,4378,4687
완정,2024-06-11,16432,8525,7907
독정,2024-06-11,9639,4760,4879
검암,2024-06-11,9583,5292,4291
검바위,2024-06-11,7573,3652,3921
아시아드경기장(공촌사거리),2024-06-11,9967,5217,4750
서구청,2024-06-11,18457,9170,9287
가정(루원시티),2024-06-11,24549,12633,11916
가정중앙시장,2024-06-11,12949,6285,6664
석남(거북시장),2024-06-11,6309,3087,3222
서부여성회관,2024-06-11,8525,4327,4198
인천가좌,2024-06-11,9110,4619,4491
가재울,2024-06-11,8873,4598,4275
주안국가산단,2024-06-11,6130,3041,3089
주안,2024-06-11,16508,7141,9367
시민공원(문화창작지대),2024-06-11,21616,11207,10409
석바위시장,2024-06-11,9346,4535,4811
인천시청,2024-06-11,7393,3568,3825
석천사거리,2024-06-11,10420,5473,4947
모래내시장,2024-06-11,16599,8071,8528
만수,2024-06-11,10760,5529,5231
남동구청,2024-06-11,10187,5265,4922
인천대공원,2024-06-11,6168,3069,3099
운연(서창),2024-06-11,2751,1465,1286
검단오류(검단산업단지),2024-06-12,6076,2984,3092
왕길,2024-06-12,5550,2769,2781
검단사거리,2024-06-12,17256,9049,8207
마전,2024-06-12,8928,4377,4551
완정,2024-06-12,16618,8572,8046
독정,2024-06-12,9394,4670,4724
검암,2024-06-12,9438,5039,4399
검바위,2024-06-12,7670,3712,3958
아시아드경기장(공촌사거리),2024-06-12,10320,5399,4921
서구청,2024-06-12,17393,8658,8735
가정(루원시티),2024-06-12,24774,12624,12150
가정중앙시장,2024-06-12,12876,6345,6531
석남(거북시장),2024-06-12,6344,3059,3285
서부여성회관,2024-06-12,8493,4281,4212
인천가좌,2024-06-12,9096,4558,4538
가재울,2024-06-12,8777,4497,4280
주안국가산단,2024-06-12,6190,3032,3158
주안,2024-06-12,16577,7140,9437
시민공원(문화창작지대),2024-06-12,21878,11302,10576
석바위시장,2024-06-12,9273,4476,4797
인천시청,2024-06-12,7424,3615,3809
석천사거리,2024-06-12,10962,5706,5256
모래내시장,2024-06-12,16763,8119,8644
만수,2024-06-12,10640,5500,5140
남동구청,2024-06-12,9900,5161,4739
인천대공원,2024-06-12,6054,3021,3033
운연(서창),2024-06-12,2595,1370,1225
검단오류(검단산업단지),2024-06-13,5947,2932,3015
왕길,2024-06-13,5532,2805,2727
검단사거리,2024-06-13,17128,8970,8158
마전,2024-06-13,9269,4476,4793
완정,2024-06-13,16325,8405,7920
독정,2024-06-13,9768,4948,4820
검암,2024-06-13,9533,5225,4308
검바위,2024-06-13,7551,3622,3929
아시아드경기장(공촌사거리),2024-06-13,9884,5280,4604
서구청,2024-06-13,17476,8633,8843
가정(루원시티),2024-06-13,24532,12565,11967
가정중앙시장,2024-06-13,12933,6257,6676
석남(거북시장),2024-06-13,6266,3093,3173
서부여성회관,2024-06-13,8664,4371,4293
인천가좌,2024-06-13,9043,4590,4453
가재울,2024-06-13,8612,4375,4237
주안국가산단,2024-06-13,6182,3028,3154
주안,2024-06-13,16573,7147,9426
시민공원(문화창작지대),2024-06-13,22082,11403,10679
석바위시장,2024-06-13,9332,4543,4789
인천시청,2024-06-13,7401,3546,3855
석천사거리,2024-06-13,10529,5448,5081
모래내시장,2024-06-13,16947,8215,8732
만수,2024-06-13,10771,5564,5207
남동구청,2024-06-13,9795,5056,4739
인천대공원,2024-06-13,6114,3092,3022
운연(서창),2024-06-13,2740,1455,1285
검단오류(검단산업단지),2024-06-14,5750,2815,2935
왕길,2024-06-14,5536,2792,2744
검단사거리,2024-06-14,17946,9356,8590
마전,2024-06-14,9049,4405,4644
완정,2024-06-14,16797,8770,8027
독정,2024-06-14,9654,4818,4836
검암,2024-06-14,9430,5184,4246
검바위,2024-06-14,7570,3726,3844
아시아드경기장(공촌사거리),2024-06-14,10152,5383,4769
서구청,2024-06-14,18049,8907,9142
가정(루원시티),2024-06-14,25109,12892,12217
가정중앙시장,2024-06-14,13591,6566,7025
석남(거북시장),2024-06-14,6578,3188,3390
서부여성회관,2024-06-14,9083,4631,4452
인천가좌,2024-06-14,9163,4663,4500
가재울,2024-06-14,8662,4456,4206
주안국가산단,2024-06-14,6025,2953,3072
주안,2024-06-14,17127,7261,9866
시민공원(문화창작지대),2024-06-14,21593,11124,10469
석바위시장,2024-06-14,9530,4622,4908
인천시청,2024-06-14,7195,3502,3693
석천사거리,2024-06-14,10498,5520,4978
모래내시장,2024-06-14,17215,8399,8816
만수,2024-06-14,11254,5823,5431
남동구청,2024-06-14,9900,5163,4737
인천대공원,2024-06-14,8428,4230,4198
운연(서창),2024-06-14,2747,1457,1290
검단오류(검단산업단지),2024-06-15,2234,1202,1032
왕길,2024-06-15,3391,1765,1626
검단사거리,2024-06-15,13516,6969,6547
마전,2024-06-15,6006,2995,3011
완정,2024-06-15,10689,5611,5078
독정,2024-06-15,6560,3283,3277
검암,2024-06-15,5979,3296,2683
검바위,2024-06-15,3973,1955,2018
아시아드경기장(공촌사거리),2024-06-15,6711,3474,3237
서구청,2024-06-15,11338,5635,5703
가정(루원시티),2024-06-15,14730,7639,7091
가정중앙시장,2024-06-15,10247,5037,5210
석남(거북시장),2024-06-15,4568,2241,2327
서부여성회관,2024-06-15,6312,3281,3031
인천가좌,2024-06-15,4917,2477,2440
가재울,2024-06-15,4947,2579,2368
주안국가산단,2024-06-15,1528,750,778
주안,2024-06-15,13808,5739,8069
시민공원(문화창작지대),2024-06-15,15372,7961,7411
석바위시장,2024-06-15,6894,3320,3574
인천시청,2024-06-15,4899,2306,2593
석천사거리,2024-06-15,6478,3465,3013
모래내시장,2024-06-15,13351,6536,6815
만수,2024-06-15,7862,3983,3879
남동구청,2024-06-15,5852,3024,2828
인천대공원,2024-06-15,6276,3123,3153
운연(서창),2024-06-15,1770,911,859
검단오류(검단산업단지),2024-06-16,1589,774,815
왕길,2024-06-16,2175,1089,1086
검단사거리,2024-06-16,10146,5114,5032
마전,2024-06-16,4347,2074,2273
완정,2024-06-16,7683,3842,3841
독정,2024-06-16,4840,2343,2497
검암,2024-06-16,4617,2493,2124
검바위,2024-06-16,3133,1468,1665
아시아드경기장(공촌사거리),2024-06-16,5282,2732,2550
서구청,2024-06-16,7983,4009,3974
가정(루원시티),2024-06-16,10401,5235,5166
가정중앙시장,2024-06-16,7720,3781,3939
석남(거북시장),2024-06-16,3307,1583,1724
서부여성회관,2024-06-16,5246,2696,2550
인천가좌,2024-06-16,3568,1785,1783
가재울,2024-06-16,3585,1791,1794
주안국가산단,2024-06-16,807,372,435
주안,2024-06-16,9764,4044,5720
시민공원(문화창작지대),2024-06-16,11919,6232,5687
석바위시장,2024-06-16,5128,2514,2614
인천시청,2024-06-16,3951,1876,2075
석천사거리,2024-06-16,4942,2609,2333
모래내시장,2024-06-16,11149,5411,5738
만수,2024-06-16,6063,3099,2964
남동구청,2024-06-16,4601,2347,2254
인천대공원,2024-06-16,6984,3508,3476
운연(서창),2024-06-16,1485,792,693
검단오류(검단산업단지),2024-06-17,5747,2790,2957
왕길,2024-06-17,5477,2769,2708
검단사거리,2024-06-17,16787,8747,8040
마전,2024-06-17,8708,4183,4525
완정,2024-06-17,16005,8251,7754
독정,2024-06-17,9502,4766,4736
검암,2024-06-17,9248,5038,4210
검바위,2024-06-17,7501,3608,3893
아시아드경기장(공촌사거리),2024-06-17,9521,5029,4492
서구청,2024-06-17,17418,8709,8709
가정(루원시티),2024-06-17,23838,12245,11593
가정중앙시장,2024-06-17,12482,6077,6405
석남(거북시장),2024-06-17,6093,2999,3094
서부여성회관,2024-06-17,8137,4214,3923
인천가좌,2024-06-17,8873,4465,4408
가재울,2024-06-17,8551,4347,4204
주안국가산단,2024-06-17,6127,2993,3134
주안,2024-06-17,15676,6664,9012
시민공원(문화창작지대),2024-06-17,20842,10735,10107
석바위시장,2024-06-17,9211,4446,4765
인천시청,2024-06-17,7166,3474,3692
석천사거리,2024-06-17,9986,5201,4785
모래내시장,2024-06-17,16339,7961,8378
만수,2024-06-17,10521,5399,5122
남동구청,2024-06-17,9618,4974,4644
인천대공원,2024-06-17,5596,2807,2789
운연(서창),2024-06-17,2604,1362,1242
검단오류(검단산업단지),2024-06-18,5877,2884,2993
왕길,2024-06-18,5531,2800,2731
검단사거리,2024-06-18,16960,8843,8117
마전,2024-06-18,8952,4365,4587
완정,2024-06-18,16379,8468,7911
독정,2024-06-18,9399,4663,4736
검암,2024-06-18,9415,5163,4252
검바위,2024-06-18,7418,3573,3845
아시아드경기장(공촌사거리),2024-06-18,9679,5120,4559
서구청,2024-06-18,17632,8778,8854
가정(루원시티),2024-06-18,24106,12260,11846
가정중앙시장,2024-06-18,12876,6241,6635
석남(거북시장),2024-06-18,6354,3109,3245
서부여성회관,2024-06-18,8265,4271,3994
인천가좌,2024-06-18,8906,4511,4395
가재울,2024-06-18,8609,4348,4261
주안국가산단,2024-06-18,6067,2983,3084
주안,2024-06-18,15846,6827,9019
시민공원(문화창작지대),2024-06-18,21275,10952,10323
석바위시장,2024-06-18,9100,4377,4723
인천시청,2024-06-18,7412,3554,3858
석천사거리,2024-06-18,10175,5353,4822
모래내시장,2024-06-18,16351,7958,8393
만수,2024-06-18,10539,5417,5122
남동구청,2024-06-18,9752,5065,4687
인천대공원,2024-06-18,6023,3029,2994
운연(서창),2024-06-18,2611,1383,1228
검단오류(검단산업단지),2024-06-19,6013,2971,3042
왕길,2024-06-19,5531,2772,2759
검단사거리,2024-06-19,16986,8873,8113
마전,2024-06-19,9177,4396,4781
완정,2024-06-19,16452,8474,7978
독정,2024-06-19,9468,4741,4727
검암,2024-06-19,9285,5077,4208
검바위,2024-06-19,7598,3672,3926
아시아드경기장(공촌사거리),2024-06-19,10207,5373,4834
서구청,2024-06-19,17157,8427,8730
가정(루원시티),2024-06-19,24565,12551,12014
가정중앙시장,2024-06-19,12652,6178,6474
석남(거북시장),2024-06-19,6307,3046,3261
서부여성회관,2024-06-19,8234,4216,4018
인천가좌,2024-06-19,8880,4486,4394
가재울,2024-06-19,8719,4415,4304
주안국가산단,2024-06-19,6159,3005,3154
주안,2024-06-19,15852,6751,9101
시민공원(문화창작지대),2024-06-19,21344,11049,10295
석바위시장,2024-06-19,9338,4514,4824
인천시청,2024-06-19,7335,3568,3767
석천사거리,2024-06-19,10150,5305,4845
모래내시장,2024-06-19,16295,7935,8360
만수,2024-06-19,10684,5450,5234
남동구청,2024-06-19,9698,5058,4640
인천대공원,2024-06-19,5503,2746,2757
운연(서창),2024-06-19,2658,1419,1239
검단오류(검단산업단지),2024-06-20,5914,2902,3012
왕길,2024-06-20,5522,2753,2769
검단사거리,2024-06-20,17065,8849,8216
마전,2024-06-20,9010,4342,4668
완정,2024-06-20,15989,8323,7666
독정,2024-06-20,9472,4801,4671
검암,2024-06-20,9239,5002,4237
검바위,2024-06-20,7503,3576,3927
아시아드경기장(공촌사거리),2024-06-20,9699,5155,4544
서구청,2024-06-20,17287,8588,8699
가정(루원시티),2024-06-20,24133,12288,11845
가정중앙시장,2024-06-20,12723,6185,6538
석남(거북시장),2024-06-20,6340,3097,3243
서부여성회관,2024-06-20,8380,4240,4140
인천가좌,2024-06-20,8766,4414,4352
가재울,2024-06-20,8422,4321,4101
주안국가산단,2024-06-20,6108,2998,3110
주안,2024-06-20,15920,6768,9152
시민공원(문화창작지대),2024-06-20,21287,10939,10348
석바위시장,2024-06-20,9022,4370,4652
인천시청,2024-06-20,7568,3620,3948
석천사거리,2024-06-20,9950,5204,4746
모래내시장,2024-06-20,16386,7849,8537
만수,2024-06-20,10487,5484,5003
남동구청,2024-06-20,9674,5025,4649
인천대공원,2024-06-20,5729,2911,2818
운연(서창),2024-06-20,2589,1397,1192
검단오류(검단산업단지),2024-06-21,5843,2887,2956
왕길,2024-06-21,5552,2829,2723
검단사거리,2024-06-21,17658,9162,8496
마전,2024-06-21,9097,4478,4619
완정,2024-06-21,16573,8603,7970
독정,2024-06-21,9622,4862,4760
검암,2024-06-21,9354,5153,4201
검바위,2024-06-21,7649,3674,3975
아시아드경기장(공촌사거리),2024-06-21,9672,5114,4558
서구청,2024-06-21,18288,9038,9250
가정(루원시티),2024-06-21,24906,12809,12097
가정중앙시장,2024-06-21,13442,6589,6853
석남(거북시장),2024-06-21,6519,3171,3348
서부여성회관,2024-06-21,8842,4525,4317
인천가좌,2024-06-21,9019,4562,4457
가재울,2024-06-21,8827,4479,4348
주안국가산단,2024-06-21,5980,2936,3044
주안,2024-06-21,16481,6957,9524
시민공원(문화창작지대),2024-06-21,21151,10853,10298
석바위시장,2024-06-21,9400,4525,4875
인천시청,2024-06-21,7261,3542,3719
석천사거리,2024-06-21,10255,5363,4892
모래내시장,2024-06-21,16768,8114,8654
만수,2024-06-21,10871,5646,5225
남동구청,2024-06-21,9721,5018,4703
인천대공원,2024-06-21,5496,2801,2695
운연(서창),2024-06-21,2716,1458,1258
검단오류(검단산업단지),2024-06-22,2086,1138,948
왕길,2024-06-22,3091,1541,1550
검단사거리,2024-06-22,12840,6632,6208
마전,2024-06-22,5681,2843,2838
완정,2024-06-22,10068,5329,4739
독정,2024-06-22,5938,2949,2989
검암,2024-06-22,5415,3043,2372
검바위,2024-06-22,3647,1776,1871
아시아드경기장(공촌사거리),2024-06-22,6099,3206,2893
서구청,2024-06-22,10629,5201,5428
가정(루원시티),2024-06-22,14243,7236,7007
가정중앙시장,2024-06-22,9045,4424,4621
석남(거북시장),2024-06-22,4410,2157,2253
서부여성회관,2024-06-22,5736,2974,2762
인천가좌,2024-06-22,4567,2305,2262
가재울,2024-06-22,4450,2300,2150
주안국가산단,2024-06-22,1425,697,728
주안,2024-06-22,12320,5016,7304
시민공원(문화창작지대),2024-06-22,13804,7161,6643
석바위시장,2024-06-22,5898,2877,3021
인천시청,2024-06-22,4273,1961,2312
석천사거리,2024-06-22,6379,3303,3076
모래내시장,2024-06-22,11175,5540,5635
만수,2024-06-22,7223,3720,3503
남동구청,2024-06-22,5418,2808,2610
인천대공원,2024-06-22,3874,1934,1940
운연(서창),2024-06-22,1551,797,754
검단오류(검단산업단지),2024-06-23,1530,748,782
왕길,2024-06-23,2284,1150,1134
검단사거리,2024-06-23,10342,5164,5178
마전,2024-06-23,4214,1986,2228
완정,2024-06-23,7622,3815,3807
독정,2024-06-23,4358,2103,2255
검암,2024-06-23,4484,2418,2066
검바위,2024-06-23,3051,1432,1619
아시아드경기장(공촌사거리),2024-06-23,5194,2720,2474
서구청,2024-06-23,7844,3890,3954
가정(루원시티),2024-06-23,10693,5365,5328
가정중앙시장,2024-06-23,7586,3779,3807
석남(거북시장),2024-06-23,3506,1651,1855
서부여성회관,2024-06-23,5238,2667,2571
인천가좌,2024-06-23,3614,1830,1784
가재울,2024-06-23,3668,1888,1780
주안국가산단,2024-06-23,749,351,398
주안,2024-06-23,9591,3962,5629
시민공원(문화창작지대),2024-06-23,11585,5987,5598
석바위시장,2024-06-23,5457,2683,2774
인천시청,2024-06-23,3673,1770,1903
석천사거리,2024-06-23,5124,2705,2419
모래내시장,2024-06-23,10498,5143,5355
만수,2024-06-23,6077,3124,2953
남동구청,2024-06-23,4390,2299,2091
인천대공원,2024-06-23,6062,3019,3043
운연(서창),2024-06-23,1408,730,678
검단오류(검단산업단지),2024-06-24,5909,2893,3016
왕길,2024-06-24,5432,2719,2713
검단사거리,2024-06-24,16744,8765,7979
마전,2024-06-24,8712,4193,4519
완정,2024-06-24,16201,8447,7754
독정,2024-06-24,9363,4677,4686
검암,2024-06-24,9283,5096,4187
검바위,2024-06-24,7494,3662,3832
아시아드경기장(공촌사거리),2024-06-24,9541,5018,4523
서구청,2024-06-24,17483,8725,8758
가정(루원시티),2024-06-24,23522,11998,11524
가정중앙시장,2024-06-24,12440,6093,6347
석남(거북시장),2024-06-24,6179,2997,3182
서부여성회관,2024-06-24,8047,4090,3957
인천가좌,2024-06-24,8786,4456,4330
가재울,2024-06-24,8399,4275,4124
주안국가산단,2024-06-24,6023,2968,3055
주안,2024-06-24,15378,6632,8746
시민공원(문화창작지대),2024-06-24,20785,10678,10107
석바위시장,2024-06-24,9134,4423,4711
인천시청,2024-06-24,7198,3466,3732
석천사거리,2024-06-24,10021,5199,4822
모래내시장,2024-06-24,16179,7906,8273
만수,2024-06-24,10462,5421,5041
남동구청,2024-06-24,9584,4954,4630
인천대공원,2024-06-24,5453,2759,2694
운연(서창),2024-06-24,2555,1357,1198
검단오류(검단산업단지),2024-06-25,6049,2994,3055
왕길,2024-06-25,5524,2758,2766
검단사거리,2024-06-25,17043,8848,8195
마전,2024-06-25,8770,4224,4546
완정,2024-06-25,16278,8444,7834
독정,2024-06-25,9495,4700,4795
검암,2024-06-25,9400,5180,4220
검바위,2024-06-25,7413,3582,3831
아시아드경기장(공촌사거리),2024-06-25,9643,5022,4621
서구청,2024-06-25,18767,9302,9465
가정(루원시티),2024-06-25,24166,12434,11732
가정중앙시장,2024-06-25,13244,6452,6792
석남(거북시장),2024-06-25,6426,3147,3279
서부여성회관,2024-06-25,8271,4236,4035
인천가좌,2024-06-25,9036,4559,4477
가재울,2024-06-25,8845,4501,4344
주안국가산단,2024-06-25,6146,3045,3101
주안,2024-06-25,15917,6847,9070
시민공원(문화창작지대),2024-06-25,21179,10860,10319
석바위시장,2024-06-25,9561,4708,4853
인천시청,2024-06-25,7720,3637,4083
석천사거리,2024-06-25,10303,5400,4903
모래내시장,2024-06-25,16875,8257,8618
만수,2024-06-25,10979,5683,5296
남동구청,2024-06-25,10079,5206,4873
인천대공원,2024-06-25,6075,3063,3012
운연(서창),2024-06-25,2730,1443,1287
검단오류(검단산업단지),2024-06-26,6104,3009,3095
왕길,2024-06-26,5529,2793,2736
검단사거리,2024-06-26,16865,8808,8057
마전,2024-06-26,8913,4348,4565
완정,2024-06-26,16465,8528,7937
독정,2024-06-26,9641,4774,4867
검암,2024-06-26,9290,5103,4187
검바위,2024-06-26,7482,3590,3892
아시아드경기장(공촌사거리),2024-06-26,9972,5207,4765
서구청,2024-06-26,18049,8935,9114
가정(루원시티),2024-06-26,24749,12616,12133
가정중앙시장,2024-06-26,12892,6288,6604
석남(거북시장),2024-06-26,6522,3199,3323
서부여성회관,2024-06-26,8382,4225,4157
인천가좌,2024-06-26,8927,4561,4366
가재울,2024-06-26,8677,4460,4217
주안국가산단,2024-06-26,6104,2992,3112
주안,2024-06-26,15916,6771,9145
시민공원(문화창작지대),2024-06-26,21519,11062,10457
석바위시장,2024-06-26,9673,4710,4963
인천시청,2024-06-26,7458,3569,3889
석천사거리,2024-06-26,10436,5465,4971
모래내시장,2024-06-26,16687,8105,8582
만수,2024-06-26,11124,5753,5371
남동구청,2024-06-26,10101,5227,4874
인천대공원,2024-06-26,5803,2910,2893
운연(서창),2024-06-26,3126,1653,1473
검단오류(검단산업단지),2024-06-27,5990,2945,3045
왕길,2024-06-27,5490,2764,2726
검단사거리,2024-06-27,17082,8972,8110
마전,2024-06-27,8782,4208,4574
완정,2024-06-27,16313,8433,7880
독정,2024-06-27,9754,4911,4843
검암,2024-06-27,9141,5047,4094
검바위,2024-06-27,7346,3583,3763
아시아드경기장(공촌사거리),2024-06-27,9704,5127,4577
서구청,2024-06-27,17904,8917,8987
가정(루원시티),2024-06-27,24306,12458,11848
가정중앙시장,2024-06-27,12970,6370,6600
석남(거북시장),2024-06-27,6216,3005,3211
서부여성회관,2024-06-27,8533,4342,4191
인천가좌,2024-06-27,8819,4484,4335
가재울,2024-06-27,8476,4312,4164
주안국가산단,2024-06-27,6114,3016,3098
주안,2024-06-27,16000,6880,9120
시민공원(문화창작지대),2024-06-27,21605,11123,10482
석바위시장,2024-06-27,9294,4529,4765
인천시청,2024-06-27,7177,3439,3738
석천사거리,2024-06-27,10214,5335,4879
모래내시장,2024-06-27,16503,8032,8471
만수,2024-06-27,10727,5604,5123
남동구청,2024-06-27,9714,5015,4699
인천대공원,2024-06-27,5870,2939,2931
운연(서창),2024-06-27,2648,1412,1236
검단오류(검단산업단지),2024-06-28,5799,2863,2936
왕길,2024-06-28,5675,2872,2803
검단사거리,2024-06-28,18037,9447,8590
마전,2024-06-28,8827,4315,4512
완정,2024-06-28,16680,8704,7976
독정,2024-06-28,9691,4785,4906
검암,2024-06-28,9433,5264,4169
검바위,2024-06-28,7546,3651,3895
아시아드경기장(공촌사거리),2024-06-28,9817,5178,4639
서구청,2024-06-28,17900,8845,9055
가정(루원시티),2024-06-28,24815,12655,12160
가정중앙시장,2024-06-28,13581,6574,7007
석남(거북시장),2024-06-28,6630,3212,3418
서부여성회관,2024-06-28,8688,4473,4215
인천가좌,2024-06-28,9076,4571,4505
가재울,2024-06-28,8461,4321,4140
주안국가산단,2024-06-28,5944,2910,3034
주안,2024-06-28,16387,7013,9374
시민공원(문화창작지대),2024-06-28,21512,11077,10435
석바위시장,2024-06-28,9850,4773,5077
인천시청,2024-06-28,7180,3432,3748
석천사거리,2024-06-28,10089,5287,4802
모래내시장,2024-06-28,17315,8384,8931
만수,2024-06-28,11028,5771,5257
남동구청,2024-06-28,9774,5103,4671
인천대공원,2024-06-28,5683,2895,2788
운연(서창),2024-06-28,2783,1501,1282
검단오류(검단산업단지),2024-06-29,2144,1195,949
왕길,2024-06-29,3166,1630,1536
검단사거리,2024-06-29,13162,6843,6319
마전,2024-06-29,5989,2887,3102
완정,2024-06-29,10409,5447,4962
독정,2024-06-29,6028,3039,2989
검암,2024-06-29,5982,3251,2731
검바위,2024-06-29,3968,1923,2045
아시아드경기장(공촌사거리),2024-06-29,6275,3338,2937
서구청,2024-06-29,10839,5294,5545
가정(루원시티),2024-06-29,14381,7369,7012
가정중앙시장,2024-06-29,9920,4918,5002
석남(거북시장),2024-06-29,4474,2127,2347
서부여성회관,2024-06-29,5866,2995,2871
인천가좌,2024-06-29,4592,2339,2253
가재울,2024-06-29,4631,2395,2236
주안국가산단,2024-06-29,1467,708,759
주안,2024-06-29,12588,5061,7527
시민공원(문화창작지대),2024-06-29,14656,7477,7179
석바위시장,2024-06-29,6990,3418,3572
인천시청,2024-06-29,4561,2154,2407
석천사거리,2024-06-29,6630,3454,3176
모래내시장,2024-06-29,13494,6612,6882
만수,2024-06-29,7762,3970,3792
남동구청,2024-06-29,5620,2933,2687
인천대공원,2024-06-29,6310,3130,3180
운연(서창),2024-06-29,1728,893,835
검단오류(검단산업단지),2024-06-30,1411,691,720
왕길,2024-06-30,2170,1082,1088
검단사거리,2024-06-30,9208,4571,4637
마전,2024-06-30,3876,1875,2001
완정,2024-06-30,6838,3423,3415
독정,2024-06-30,4145,2042,2103
검암,2024-06-30,3990,2141,1849
검바위,2024-06-30,2871,1368,1503
아시아드경기장(공촌사거리),2024-06-30,4711,2470,2241
서구청,2024-06-30,7229,3552,3677
가정(루원시티),2024-06-30,9449,4714,4735
가정중앙시장,2024-06-30,6849,3334,3515
석남(거북시장),2024-06-30,3048,1462,1586
서부여성회관,2024-06-30,4731,2436,2295
인천가좌,2024-06-30,3245,1688,1557
가재울,2024-06-30,3272,1677,1595
주안국가산단,2024-06-30,757,357,400
주안,2024-06-30,8710,3637,5073
시민공원(문화창작지대),2024-06-30,10285,5308,4977
석바위시장,2024-06-30,5077,2466,2611
인천시청,2024-06-30,3473,1646,1827
석천사거리,2024-06-30,4477,2327,2150
모래내시장,2024-06-30,9667,4791,4876
만수,2024-06-30,5461,2814,2647
남동구청,2024-06-30,4079,2108,1971
인천대공원,2024-06-30,4083,2039,2044
운연(서창),2024-06-30,1216,648,568
